SESSION|QS4/700 located at connection[0] session[0]|user=QNOVATE8
SELFIELD|ctxtI1-LOW=003004340001
SELFIELD|ctxtI1-HIGH=003004365836
SELFIELD|ctxtI3-LOW=000000000015000177
TABLE|AFPO
TITLE|Data Browser: Table AFPO Select Entries        200
SBAR|Selection restricted to 200 hits
ALV|rows=200|cols=100
HDR|MANDT	AUFNR	POSNR	PSOBS	QUNUM	QUPOS	PROJN	PLNUM	STRMP	ETRMP	KDAUF	KDPOS	KDEIN	BESKZ	PSAMG	PSMNG	WEMNG	IAMNG	AMEIN	MEINS	MATNR	PAMNG	PGMNG	KNTTP	TPAUF	LTRMI	LTRMP	KALNR	UEBTO	UEBTK	UNTTO	INSMK	WEPOS	BWTAR	BWTTY	PWERK	LGORT	UMREZ	UMREN	WEBAZ	ELIKZ	SAFNR	VERID	SERNR	TECHS	DWERK	DAUTY	DAUAT	DGLTP	DGLTS	DFREI	DNREL	VERTO	SOBKZ	KZVBR	WEWRT	WEUNB	ABLAD	WEMPF	CHARG	GSBER	WEAED	CUOBJ	KBNKZ	ARSNR	ARSPS	KRSNR	KRSPS	KCKEY	RTP01	RTP02	RTP03	RTP04	KSVON	KSBIS	OBJNP	NDISR	VFMNG	GSBTR	KZAVC	KZBWS	XLOEK	SERNP	ANZSN	OBJTYPE	CH_PROC	FXPRU	CUOBJ_ROOT	BERID	TECHS_COPY	SGT_SCAT	KUNNR2	FSH_SEASON_YEAR	FSH_SEASON	FSH_COLLECTION	FSH_THEME	FSH_SALLOC_QTY	MILL_OC_AUFNR_U	MILL_OC_RUMNG	MILL_OC_SORT	
ROW0|700	003004340001	0001	E		000	00000000					000000	0000		0	45	45	0	TO	TO	000000000015000177	0	0			04.08.2026		000000000000	0.0	X	0.0		X			1006	FJGU	1	1	0	X		FG01			1006	40	ZPFG	04.08.2026	04.08.2026	1					161,490.15		9004895671			1008		000000000000000000		0000000000	0000	0000000000	0000										45	04.08.2026	1				0				000000000000000000	1006								0		0	00000000	
ROW1|700	003004340048	0001	E		000	00000000					000000	0000		0	38	0	0	TO	TO	000000000015000177	0	0					000000000000	0.0	X	0.0		X			1006	FJGU	1	1	0			FG01			1006	40	ZPFG	04.08.2026	04.08.2026	1					0.00		9004895765			1008		000000000000000000		0000000000	0000	0000000000	0000										38	04.08.2026	1				0				000000000000000000	1006								0		0	00000000	
ROW2|700	003004340051	0001	E		000	00000000					000000	0000		0	30	30	0	TO	TO	000000000015000177	0	0			05.08.2026		000000000000	0.0	X	0.0		X			1014	FJWN	1	1	0	X		FG01			1014	40	ZPFG	04.08.2026	04.08.2026	1					93,083.40		9004895770			1008		000000000000000000		0000000000	0000	0000000000	0000										30	04.08.2026	1				0				000000000000000000	1014								0		0	00000000	
ROW3|700	003004340052	0001	E		000	00000000					000000	0000		0	30	0	0	TO	TO	000000000015000177	0	0					000000000000	0.0	X	0.0		X			1014	FJWN	1	1	0			FG01			1014	40	ZPFG	04.08.2026	04.08.2026	1					0.00		9004895771			1008		000000000000000000		0000000000	0000	0000000000	0000										30	04.08.2026	1				0				000000000000000000	1014								0		0	00000000	
ROW4|700	003004340058	0001	E		000	00000000					000000	0000		0	45	45	0	TO	TO	000000000015000177	0	0			04.08.2026		000000000000	0.0	X	0.0		X			1014	FJWN	1	1	0	X		FG01			1014	40	ZPFG	04.08.2026	04.08.2026	1					139,625.10		9004895779			1008		000000000000000000		0000000000	0000	0000000000	0000										45	04.08.2026	1				0				000000000000000000	1014								0		0	00000000	
ROW5|700	003004340059	0001	E		000	00000000					000000	0000		0	35	35	0	TO	TO	000000000015000177	0	0			05.08.2026		000000000000	0.0	X	0.0		X			1014	FJWN	1	1	0	X		FG01			1014	40	ZPFG	04.08.2026	04.08.2026	1					108,597.30		9004895780			1008		000000000000000000		0000000000	0000	0000000000	0000										35	04.08.2026	1				0				000000000000000000	1014								0		0	00000000	
ROW6|700	003004340069	0001	E		000	00000000					000000	0000		0	42	42	0	TO	TO	000000000015000177	0	0			04.08.2026		000000000000	0.0	X	0.0		X			1003	FRNC	1	1	0	X		FG01			1003	40	ZPFG	04.08.2026	04.08.2026	1					129,002.16		9004895811			1008		000000000000000000		0000000000	0000	0000000000	0000										42	04.08.2026	1				0				000000000000000000	1003								0		0	00000000	
ROW7|700	003004340070	0001	E		000	00000000					000000	0000		0	42	42	0	TO	TO	000000000015000177	0	0			04.08.2026		000000000000	0.0	X	0.0		X			1003	FRNC	1	1	0	X		FG01			1003	40	ZPFG	04.08.2026	04.08.2026	1					129,002.16		9004895812			1008		000000000000000000		0000000000	0000	0000000000	0000										42	04.08.2026	1				0				000000000000000000	1003								0		0	00000000	
ROW8|700	003004340071	0001	E		000	00000000					000000	0000		0	42	42	0	TO	TO	000000000015000177	0	0			04.08.2026		000000000000	0.0	X	0.0		X			1003	FRNC	1	1	0	X		FG01			1003	40	ZPFG	04.08.2026	04.08.2026	1					129,002.16		9004895813			1008		000000000000000000		0000000000	0000	0000000000	0000										42	04.08.2026	1				0				000000000000000000	1003								0		0	00000000	
ROW9|700	003004340073	0001	E		000	00000000					000000	0000		0	38	0	0	TO	TO	000000000015000177	0	0					000000000000	0.0	X	0.0		X			1006	FJGU	1	1	0			FG01			1006	40	ZPFG	04.08.2026	04.08.2026	1					0.00		9004895819			1008		000000000000000000		0000000000	0000	0000000000	0000										38	04.08.2026	1				0				000000000000000000	1006								0		0	00000000	
ROW10|700	003004340074	0001	E		000	00000000					000000	0000		0	30	30	0	TO	TO	000000000015000177	0	0			04.08.2026		000000000000	0.0	X	0.0		X			1014	FJWN	1	1	0	X		FG01			1014	40	ZPFG	04.08.2026	04.08.2026	1					93,083.40		9004895821			1008		000000000000000000		0000000000	0000	0000000000	0000										30	04.08.2026	1				0				000000000000000000	1014								0		0	00000000	
ROW11|700	003004340080	0001	E		000	00000000					000000	0000		0	42	42	0	TO	TO	000000000015000177	0	0			04.08.2026		000000000000	0.0	X	0.0		X			1014	FJWN	1	1	0	X		FG01			1014	40	ZPFG	04.08.2026	04.08.2026	1					130,316.76		9004895828			1008		000000000000000000		0000000000	0000	0000000000	0000										42	04.08.2026	1				0				000000000000000000	1014								0		0	00000000	
ROW12|700	003004340082	0001	E		000	00000000					000000	0000		0	42	42	0	TO	TO	000000000015000177	0	0			05.08.2026		000000000000	0.0	X	0.0		X			1014	FJWN	1	1	0	X		FG01			1014	40	ZPFG	04.08.2026	04.08.2026	1					130,316.76		9004895830			1008		000000000000000000		0000000000	0000	0000000000	0000										42	04.08.2026	1				0				000000000000000000	1014								0		0	00000000	
ROW13|700	003004340091	0001	E		000	00000000					000000	0000		0	50	0	0	TO	TO	000000000015000177	0	0					000000000000	0.0	X	0.0		X			1304	FEGU	1	1	0			FG01			1304	40	ZPFG	04.08.2026	04.08.2026	1					0.00		9004895843			1309		000000000000000000		0000000000	0000	0000000000	0000										50	04.08.2026	1				0				000000000000000000	1304								0		0	00000000	
ROW14|700	003004340092	0001	E		000	00000000					000000	0000		0	50	0	0	TO	TO	000000000015000177	0	0					000000000000	0.0	X	0.0		X			1304	FEGU	1	1	0			FG01			1304	40	ZPFG	04.08.2026	04.08.2026	1					0.00		9004895844			1309		000000000000000000		0000000000	0000	0000000000	0000										50	04.08.2026	1				0				000000000000000000	1304								0		0	00000000	
ROW15|700	003004340093	0001	E		000	00000000					000000	0000		0	50	0	0	TO	TO	000000000015000177	0	0					000000000000	0.0	X	0.0		X			1304	FEGU	1	1	0			FG01			1304	40	ZPFG	04.08.2026	04.08.2026	1					0.00		9004895845			1309		000000000000000000		0000000000	0000	0000000000	0000										50	04.08.2026	1				0				000000000000000000	1304								0		0	00000000	
ROW16|700	003004340097	0001	E		000	00000000					000000	0000		0	40	35	0	TO	TO	000000000015000177	0	0			04.08.2026		000000000000	0.0	X	0.0		X			1304	FEGU	1	1	0			FG01			1304	40	ZPFG	04.08.2026	04.08.2026	1					149,568.30		9004895849			1309		000000000000000000		0000000000	0000	0000000000	0000										40	04.08.2026	1				0				000000000000000000	1304								0		0	00000000	
ROW17|700	003004340100	0001	E		000	00000000					000000	0000		0	42	42	0	TO	TO	000000000015000177	0	0			04.08.2026		000000000000	0.0	X	0.0		X			1006	FJGU	1	1	0	X		FG01			1006	40	ZPFG	04.08.2026	04.08.2026	1					150,724.14		9004895853			1008		000000000000000000		0000000000	0000	0000000000	0000										42	04.08.2026	1				0				000000000000000000	1006								0		0	00000000	
ROW18|700	003004340103	0001	E		000	00000000					000000	0000		0	50	50	0	TO	TO	000000000015000177	0	0			04.08.2026		000000000000	0.0	X	0.0		X			1004	FNWL	1	1	0	X		FG01			1004	40	ZPFG	04.08.2026	04.08.2026	1					139,531.50		9004895858			1008		000000000000000000		0000000000	0000	0000000000	0000										50	04.08.2026	1				0				000000000000000000	1004								0		0	00000000	
ROW19|700	003004340106	0001	E		000	00000000					000000	0000		0	50	50	0	TO	TO	000000000015000177	0	0			04.08.2026		000000000000	0.0	X	0.0		X			1004	FNWL	1	1	0	X		FG01			1004	40	ZPFG	04.08.2026	04.08.2026	1					139,531.50		9004895861			1008		000000000000000000		0000000000	0000	0000000000	0000										50	04.08.2026	1				0				000000000000000000	1004								0		0	00000000	
ROW20|700	003004340107	0001	E		000	00000000					000000	0000		0	30	30	0	TO	TO	000000000015000177	0	0			04.08.2026		000000000000	0.0	X	0.0		X			1046	FNRC	1	1	0	X		FG01			1046	40	ZPFG	04.08.2026	04.08.2026	1					83,150.40		9004895862			1022		000000000000000000		0000000000	0000	0000000000	0000										30	04.08.2026	1				0				000000000000000000	1046								0		0	00000000	
ROW21|700	003004340110	0001	E		000	00000000					000000	0000		0	50	45	0	TO	TO	000000000015000177	0	0			04.08.2026		000000000000	0.0	X	0.0		X			1004	FNWL	1	1	0			FG01			1004	40	ZPFG	04.08.2026	04.08.2026	1					125,578.35		9004895865			1008		000000000000000000		0000000000	0000	0000000000	0000										50	04.08.2026	1				0				000000000000000000	1004								0		0	00000000	
ROW22|700	003004340112	0001	E		000	00000000					000000	0000		0	50	45	0	TO	TO	000000000015000177	0	0			04.08.2026		000000000000	0.0	X	0.0		X			1004	FNWL	1	1	0			FG01			1004	40	ZPFG	04.08.2026	04.08.2026	1					125,578.35		9004895868			1008		000000000000000000		0000000000	0000	0000000000	0000										50	04.08.2026	1				0				000000000000000000	1004								0		0	00000000	
ROW23|700	003004340117	0001	E		000	00000000					000000	0000		0	50	50	0	TO	TO	000000000015000177	0	0			04.08.2026		000000000000	0.0	X	0.0		X			1004	FNWL	1	1	0	X		FG01			1004	40	ZPFG	04.08.2026	04.08.2026	1					139,531.50		9004895874			1008		000000000000000000		0000000000	0000	0000000000	0000										50	04.08.2026	1				0				000000000000000000	1004								0		0	00000000	
ROW24|700	003004340122	0001	E		000	00000000					000000	0000		0	42	42	0	TO	TO	000000000015000177	0	0			05.08.2026		000000000000	0.0	X	0.0		X			1014	FJWN	1	1	0	X		FG01			1014	40	ZPFG	04.08.2026	04.08.2026	1					130,316.76		9004895881			1008		000000000000000000		0000000000	0000	0000000000	0000										42	04.08.2026	1				0				000000000000000000	1014								0		0	00000000	
ROW25|700	003004340133	0001	E		000	00000000					000000	0000		0	2	42	0	TO	TO	000000000015000177	0	0			04.08.2026		000000000000	0.0	X	0.0		X			1003	FRNC	1	1	0	X		FG01			1003	40	ZPFG	04.08.2026	04.08.2026	1					129,002.16		9004895891			1008		000000000000000000		0000000000	0000	0000000000	0000										2	04.08.2026	1				0				000000000000000000	1003								0		0	00000000	
ROW26|700	003004340135	0001	E		000	00000000					000000	0000		0	35	0	0	TO	TO	000000000015000177	0	0					000000000000	0.0	X	0.0		X			1003	FRNC	1	1	0			FG01			1003	40	ZPFG	04.08.2026	04.08.2026	1					0.00		9004895894			1008		000000000000000000		0000000000	0000	0000000000	0000										35	04.08.2026	1				0				000000000000000000	1003								0		0	00000000	
ROW27|700	003004340191	0001	E		000	00000000					000000	0000		0	45	45	0	TO	TO	000000000015000177	0	0			04.08.2026		000000000000	0.0	X	0.0		X			1004	FNWL	1	1	0	X		FG01			1004	40	ZPFG	04.08.2026	04.08.2026	1					125,578.35		9004895972			1008		000000000000000000		0000000000	0000	0000000000	0000										45	04.08.2026	1				0				000000000000000000	1004								0		0	00000000	
ROW28|700	003004340199	0001	E		000	00000000					000000	0000		0	20	20	0	TO	TO	000000000015000177	0	0			04.08.2026		000000000000	0.0	X	0.0		X			1304	FEGU	1	1	0	X		FG01			1304	40	ZPFG	04.08.2026	04.08.2026	1					85,467.60		9004895983			1309		000000000000000000		0000000000	0000	0000000000	0000										20	04.08.2026	1				0				000000000000000000	1304								0		0	00000000	
ROW29|700	003004340226	0001	E		000	00000000					000000	0000		0	40	40	0	TO	TO	000000000015000177	0	0			05.08.2026		000000000000	0.0	X	0.0		X			1004	FNWL	1	1	0	X		FG01			1004	40	ZPFG	04.08.2026	04.08.2026	1					111,625.20		9004896020			1008		000000000000000000		0000000000	0000	0000000000	0000										40	04.08.2026	1				0				000000000000000000	1004								0		0	00000000	
ROW30|700	003004340231	0001	E		000	00000000					000000	0000		0	44.500	44	0	TO	TO	000000000015000177	0	0			04.08.2026		000000000000	0.0	X	0.0		X			1003	FRNC	1	1	0			FG01			1003	40	ZPFG	04.08.2026	04.08.2026	1					135,145.12		9004896030			1008		000000000000000000		0000000000	0000	0000000000	0000										44.500	04.08.2026	1				0				000000000000000000	1003								0		0	00000000	
ROW31|700	003004340232	0001	E		000	00000000					000000	0000		0	45	44	0	TO	TO	000000000015000177	0	0			04.08.2026		000000000000	0.0	X	0.0		X			1003	FRNC	1	1	0			FG01			1003	40	ZPFG	04.08.2026	04.08.2026	1					135,145.12		9004896031			1008		000000000000000000		0000000000	0000	0000000000	0000										45	04.08.2026	1				0				000000000000000000	1003								0		0	00000000	
ROW32|700	003004340261	0001	E		000	00000000					000000	0000		0	45	45	0	TO	TO	000000000015000177	0	0			04.08.2026		000000000000	0.0	X	0.0		X			1006	FJGU	1	1	0	X		FG01			1006	40	ZPFG	04.08.2026	04.08.2026	1					161,490.15		9004896099			1008		000000000000000000		0000000000	0000	0000000000	0000										45	04.08.2026	1				0				000000000000000000	1006								0		0	00000000	
ROW33|700	003004340263	0001	E		000	00000000					000000	0000		0	45	45	0	TO	TO	000000000015000177	0	0			04.08.2026		000000000000	0.0	X	0.0		X			1006	FJGU	1	1	0	X		FG01			1006	40	ZPFG	04.08.2026	04.08.2026	1					161,490.15		9004896101			1008		000000000000000000		0000000000	0000	0000000000	0000										45	04.08.2026	1				0				000000000000000000	1006								0		0	00000000	
ROW34|700	003004340298	0001	E		000	00000000					000000	0000		0	40	40	0	TO	TO	000000000015000177	0	0			04.08.2026		000000000000	0.0	X	0.0		X			1006	FJGU	1	1	0	X		FG01			1006	40	ZPFG	04.08.2026	04.08.2026	1					143,546.80		9004896171			1008		000000000000000000		0000000000	0000	0000000000	0000										40	04.08.2026	1				0				000000000000000000	1006								0		0	00000000	
ROW35|700	003004340308	0001	E		000	00000000					000000	0000		0	32	32	0	TO	TO	000000000015000177	0	0			04.08.2026		000000000000	0.0	X	0.0		X			1046	FNRC	1	1	0	X		FG01			1046	40	ZPFG	04.08.2026	04.08.2026	1					88,693.76		9004896188			1022		000000000000000000		0000000000	0000	0000000000	0000										32	04.08.2026	1				0				000000000000000000	1046								0		0	00000000	
ROW36|700	003004340310	0001	E		000	00000000					000000	0000		0	40	40	0	TO	TO	000000000015000177	0	0			04.08.2026		000000000000	0.0	X	0.0		X			1004	FNWL	1	1	0	X		FG01			1004	40	ZPFG	04.08.2026	04.08.2026	1					111,625.20		9004896190			1008		000000000000000000		0000000000	0000	0000000000	0000										40	04.08.2026	1				0				000000000000000000	1004								0		0	00000000	
ROW37|700	003004340316	0001	E		000	00000000					000000	0000		0	1	44	0	TO	TO	000000000015000177	0	0			04.08.2026		000000000000	0.0	X	0.0		X			1003	FRNC	1	1	0	X		FG01			1003	40	ZPFG	04.08.2026	04.08.2026	1					135,145.12		9004896197			1008		000000000000000000		0000000000	0000	0000000000	0000										1	04.08.2026	1				0				000000000000000000	1003								0		0	00000000	
ROW38|700	003004340317	0001	E		000	00000000					000000	0000		0	42	45	0	TO	TO	000000000015000177	0	0			04.08.2026		000000000000	0.0	X	0.0		X			1003	FRNC	1	1	0	X		FG01			1003	40	ZPFG	04.08.2026	04.08.2026	1					138,216.60		9004896198			1008		000000000000000000		0000000000	0000	0000000000	0000										42	04.08.2026	1				0				000000000000000000	1003								0		0	00000000	
ROW39|700	003004340333	0001	E		000	00000000					000000	0000		0	42	42	0	TO	TO	000000000015000177	0	0			04.08.2026		000000000000	0.0	X	0.0		X			1003	FRNC	1	1	0	X		FG01			1003	40	ZPFG	04.08.2026	04.08.2026	1					129,002.16		9004896236			1008		000000000000000000		0000000000	0000	0000000000	0000										42	04.08.2026	1				0				000000000000000000	1003								0		0	00000000	
ROW40|700	003004340337	0001	E		000	00000000					000000	0000		0	42	42	0	TO	TO	000000000015000177	0	0			04.08.2026		000000000000	0.0	X	0.0		X			1003	FRNC	1	1	0	X		FG01			1003	40	ZPFG	04.08.2026	04.08.2026	1					129,002.16		9004896241			1008		000000000000000000		0000000000	0000	0000000000	0000										42	04.08.2026	1				0				000000000000000000	1003								0		0	00000000	
ROW41|700	003004340339	0001	E		000	00000000					000000	0000		0	42	42	0	TO	TO	000000000015000177	0	0			04.08.2026		000000000000	0.0	X	0.0		X			1003	FRNC	1	1	0	X		FG01			1003	40	ZPFG	04.08.2026	04.08.2026	1					129,002.16		9004896243			1008		000000000000000000		0000000000	0000	0000000000	0000										42	04.08.2026	1				0				000000000000000000	1003								0		0	00000000	
ROW42|700	003004340340	0001	E		000	00000000					000000	0000		0	42	42	0	TO	TO	000000000015000177	0	0			04.08.2026		000000000000	0.0	X	0.0		X			1003	FRNC	1	1	0	X		FG01			1003	40	ZPFG	04.08.2026	04.08.2026	1					129,002.16		9004896244			1008		000000000000000000		0000000000	0000	0000000000	0000										42	04.08.2026	1				0				000000000000000000	1003								0		0	00000000	
ROW43|700	003004340341	0001	E		000	00000000					000000	0000		0	42	42	0	TO	TO	000000000015000177	0	0			04.08.2026		000000000000	0.0	X	0.0		X			1003	FRNC	1	1	0	X		FG01			1003	40	ZPFG	04.08.2026	04.08.2026	1					129,002.16		9004896245			1008		000000000000000000		0000000000	0000	0000000000	0000										42	04.08.2026	1				0				000000000000000000	1003								0		0	00000000	
ROW44|700	003004340342	0001	E		000	00000000					000000	0000		0	43	43	0	TO	TO	000000000015000177	0	0			04.08.2026		000000000000	0.0	X	0.0		X			1003	FRNC	1	1	0	X		FG01			1003	40	ZPFG	04.08.2026	04.08.2026	1					132,073.64		9004896246			1008		000000000000000000		0000000000	0000	0000000000	0000										43	04.08.2026	1				0				000000000000000000	1003								0		0	00000000	
ROW45|700	003004340390	0001	E		000	00000000					000000	0000		0	45	45	0	TO	TO	000000000015000177	0	0			04.08.2026		000000000000	0.0	X	0.0		X			1003	FRNC	1	1	0	X		FG01			1003	40	ZPFG	04.08.2026	04.08.2026	1					138,216.60		9004896337			1008		000000000000000000		0000000000	0000	0000000000	0000										45	04.08.2026	1				0				000000000000000000	1003								0		0	00000000	
ROW46|700	003004340391	0001	E		000	00000000					000000	0000		0	45	45	0	TO	TO	000000000015000177	0	0			04.08.2026		000000000000	0.0	X	0.0		X			1003	FRNC	1	1	0	X		FG01			1003	40	ZPFG	04.08.2026	04.08.2026	1					138,216.60		9004896338			1008		000000000000000000		0000000000	0000	0000000000	0000										45	04.08.2026	1				0				000000000000000000	1003								0		0	00000000	
ROW47|700	003004340392	0001	E		000	00000000					000000	0000		0	45	45	0	TO	TO	000000000015000177	0	0			04.08.2026		000000000000	0.0	X	0.0		X			1003	FRNC	1	1	0	X		FG01			1003	40	ZPFG	04.08.2026	04.08.2026	1					138,216.60		9004896339			1008		000000000000000000		0000000000	0000	0000000000	0000										45	04.08.2026	1				0				000000000000000000	1003								0		0	00000000	
ROW48|700	003004340417	0001	E		000	00000000					000000	0000		0	45	45	0	TO	TO	000000000015000177	0	0			04.08.2026		000000000000	0.0	X	0.0		X			1004	FNWL	1	1	0	X		FG01			1004	40	ZPFG	04.08.2026	04.08.2026	1					125,578.35		9004896390			1008		000000000000000000		0000000000	0000	0000000000	0000										45	04.08.2026	1				0				000000000000000000	1004								0		0	00000000	
ROW49|700	003004340459	0001	E		000	00000000					000000	0000		0	45	42	0	TO	TO	000000000015000177	0	0			04.08.2026		000000000000	0.0	X	0.0		X			1006	FJGU	1	1	0			FG01			1006	40	ZPFG	04.08.2026	04.08.2026	1					150,724.14		9004896463			1008		000000000000000000		0000000000	0000	0000000000	0000										45	04.08.2026	1				0				000000000000000000	1006								0		0	00000000	
ROW50|700	003004340489	0001	E		000	00000000					000000	0000		0	40	35	0	TO	TO	000000000015000177	0	0			04.08.2026		000000000000	0.0	X	0.0		X			1304	FEGU	1	1	0			FG01			1304	40	ZPFG	04.08.2026	04.08.2026	1					149,568.30		9004896526			1309		000000000000000000		0000000000	0000	0000000000	0000										40	04.08.2026	1				0				000000000000000000	1304								0		0	00000000	
ROW51|700	003004340510	0001	E		000	00000000					000000	0000		0	42	42	0	TO	TO	000000000015000177	0	0			04.08.2026		000000000000	0.0	X	0.0		X			1304	FEGU	1	1	0	X		FG01			1304	40	ZPFG	04.08.2026	04.08.2026	1					179,481.96		9004896573			1309		000000000000000000		0000000000	0000	0000000000	0000										42	04.08.2026	1				0				000000000000000000	1304								0		0	00000000	
ROW52|700	003004340528	0001	E		000	00000000					000000	0000		0	42	42	0	TO	TO	000000000015000177	0	0			04.08.2026		000000000000	0.0	X	0.0		X			1304	FEGU	1	1	0	X		FG01			1304	40	ZPFG	04.08.2026	04.08.2026	1					179,481.96		9004896606			1309		000000000000000000		0000000000	0000	0000000000	0000										42	04.08.2026	1				0				000000000000000000	1304								0		0	00000000	
ROW53|700	003004340554	0001	E		000	00000000					000000	0000		0	35	35	0	TO	TO	000000000015000177	0	0			04.08.2026		000000000000	0.0	X	0.0		X			1070	FKDL	1	1	0	X		FG01			1070	40	ZPFG	04.08.2026	04.08.2026	1					171,026.45		9004896657			1029		000000000000000000		0000000000	0000	0000000000	0000										35	04.08.2026	1				0				000000000000000000	1070								0		0	00000000	
ROW54|700	003004340563	0001	E		000	00000000					000000	0000		0	45	45	0	TO	TO	000000000015000177	0	0			05.08.2026		000000000000	0.0	X	0.0		X			1014	FJWN	1	1	0	X		FG01			1014	40	ZPFG	04.08.2026	04.08.2026	1					139,625.10		9004896675			1008		000000000000000000		0000000000	0000	0000000000	0000										45	04.08.2026	1				0				000000000000000000	1014								0		0	00000000	
ROW55|700	003004340565	0001	E		000	00000000					000000	0000		0	42	42	0	TO	TO	000000000015000177	0	0			05.08.2026		000000000000	0.0	X	0.0		X			1014	FJWN	1	1	0	X		FG01			1014	40	ZPFG	04.08.2026	04.08.2026	1					130,316.76		9004896678			1008		000000000000000000		0000000000	0000	0000000000	0000										42	04.08.2026	1				0				000000000000000000	1014								0		0	00000000	
ROW56|700	003004340579	0001	E		000	00000000					000000	0000		0	42	42	0	TO	TO	000000000015000177	0	0			04.08.2026		000000000000	0.0	X	0.0		X			1003	FRNC	1	1	0	X		FG01			1003	40	ZPFG	04.08.2026	04.08.2026	1					129,002.16		9004896694			1008		000000000000000000		0000000000	0000	0000000000	0000										42	04.08.2026	1				0				000000000000000000	1003								0		0	00000000	
ROW57|700	003004340655	0001	E		000	00000000					000000	0000		0	5	5	0	TO	TO	000000000015000177	0	0			04.08.2026		000000000000	0.0	X	0.0		X			1304	FEGU	1	1	0	X		FG01			1304	40	ZPFG	04.08.2026	04.08.2026	1					21,366.90		9004896849			1309		000000000000000000		0000000000	0000	0000000000	0000										5	04.08.2026	1				0				000000000000000000	1304								0		0	00000000	
ROW58|700	003004340665	0001	E		000	00000000					000000	0000		0	42	40	0	TO	TO	000000000015000177	0	0			04.08.2026		000000000000	0.0	X	0.0		X			1003	FRNC	1	1	0			FG01			1003	40	ZPFG	04.08.2026	04.08.2026	1					122,859.20		9004896866			1008		000000000000000000		0000000000	0000	0000000000	0000										42	04.08.2026	1				0				000000000000000000	1003								0		0	00000000	
ROW59|700	003004340687	0001	E		000	00000000					000000	0000		0	42	42	0	TO	TO	000000000015000177	0	0			05.08.2026		000000000000	0.0	X	0.0		X			1004	FNWL	1	1	0	X		FG01			1004	40	ZPFG	04.08.2026	04.08.2026	1					117,206.46		9004896911			1008		000000000000000000		0000000000	0000	0000000000	0000										42	04.08.2026	1				0				000000000000000000	1004								0		0	00000000	
ROW60|700	003004340694	0001	E		000	00000000					000000	0000		0	42	42	0	TO	TO	000000000015000177	0	0			05.08.2026		000000000000	0.0	X	0.0		X			1004	FNWL	1	1	0	X		FG01			1004	40	ZPFG	04.08.2026	04.08.2026	1					117,206.46		9004896924			1008		000000000000000000		0000000000	0000	0000000000	0000										42	04.08.2026	1				0				000000000000000000	1004								0		0	00000000	
ROW61|700	003004340699	0001	E		000	00000000					000000	0000		0	0.150	0.150	0	TO	TO	000000000015000177	0	0			04.08.2026		000000000000	0.0	X	0.0		X			1045	FOCP	1	1	0	X		FG01			1045	40	ZPFG	04.08.2026	04.08.2026	1					1,046.85		9004896935			1021		000000000000000000		0000000000	0000	0000000000	0000										0.150	04.08.2026	1				0				000000000000000000	1045								0		0	00000000	
ROW62|700	003004340722	0001	E		000	00000000					000000	0000		0	42	42	0	TO	TO	000000000015000177	0	0			04.08.2026		000000000000	0.0	X	0.0		X			1003	FRNC	1	1	0	X		FG01			1003	40	ZPFG	04.08.2026	04.08.2026	1					129,002.16		9004896985			1008		000000000000000000		0000000000	0000	0000000000	0000										42	04.08.2026	1				0				000000000000000000	1003								0		0	00000000	
ROW63|700	003004340729	0001	E		000	00000000					000000	0000		0	13	42	0	TO	TO	000000000015000177	0	0			04.08.2026		000000000000	0.0	X	0.0		X			1003	FRNC	1	1	0	X		FG01			1003	40	ZPFG	04.08.2026	04.08.2026	1					129,002.16		9004896996			1008		000000000000000000		0000000000	0000	0000000000	0000										13	04.08.2026	1				0				000000000000000000	1003								0		0	00000000	
ROW64|700	003004340747	0001	E		000	00000000					000000	0000		0	42	0	0	TO	TO	000000000015000177	0	0					000000000000	0.0	X	0.0		X			1000	FBWR	1	1	0			FG01			1000	40	ZPFG	04.08.2026	04.08.2026	1					0.00		9004897044			1008		000000000000000000		0000000000	0000	0000000000	0000										42	04.08.2026	1				0				000000000000000000	1000								0		0	00000000	
ROW65|700	003004340755	0001	E		000	00000000					000000	0000		0	42	42	0	TO	TO	000000000015000177	0	0			04.08.2026		000000000000	0.0	X	0.0		X			1004	FNWL	1	1	0	X		FG01			1004	40	ZPFG	04.08.2026	04.08.2026	1					117,206.46		9004897064			1008		000000000000000000		0000000000	0000	0000000000	0000										42	04.08.2026	1				0				000000000000000000	1004								0		0	00000000	
ROW66|700	003004340764	0001	E		000	00000000					000000	0000		0	42	45	0	TO	TO	000000000015000177	0	0			05.08.2026		000000000000	0.0	X	0.0		X			1014	FJWN	1	1	0	X		FG01			1014	40	ZPFG	04.08.2026	04.08.2026	1					139,625.10		9004897095			1008		000000000000000000		0000000000	0000	0000000000	0000										42	04.08.2026	1				0				000000000000000000	1014								0		0	00000000	
ROW67|700	003004340765	0001	E		000	00000000					000000	0000		0	42	38	0	TO	TO	000000000015000177	0	0			04.08.2026		000000000000	0.0	X	0.0		X			1014	FJWN	1	1	0			FG01			1014	40	ZPFG	04.08.2026	04.08.2026	1					117,905.64		9004897096			1008		000000000000000000		0000000000	0000	0000000000	0000										42	04.08.2026	1				0				000000000000000000	1014								0		0	00000000	
ROW68|700	003004340766	0001	E		000	00000000					000000	0000		0	42	42	0	TO	TO	000000000015000177	0	0			04.08.2026		000000000000	0.0	X	0.0		X			1014	FJWN	1	1	0	X		FG01			1014	40	ZPFG	04.08.2026	04.08.2026	1					130,316.76		9004897097			1008		000000000000000000		0000000000	0000	0000000000	0000										42	04.08.2026	1				0				000000000000000000	1014								0		0	00000000	
ROW69|700	003004340768	0001	E		000	00000000					000000	0000		0	45	43	0	TO	TO	000000000015000177	0	0			05.08.2026		000000000000	0.0	X	0.0		X			1014	FJWN	1	1	0			FG01			1014	40	ZPFG	04.08.2026	04.08.2026	1					133,419.54		9004897100			1008		000000000000000000		0000000000	0000	0000000000	0000										45	04.08.2026	1				0				000000000000000000	1014								0		0	00000000	
ROW70|700	003004340770	0001	E		000	00000000					000000	0000		0	38	38	0	TO	TO	000000000015000177	0	0			05.08.2026		000000000000	0.0	X	0.0		X			1014	FJWN	1	1	0	X		FG01			1014	40	ZPFG	04.08.2026	04.08.2026	1					117,905.64		9004897102			1008		000000000000000000		0000000000	0000	0000000000	0000										38	04.08.2026	1				0				000000000000000000	1014								0		0	00000000	
ROW71|700	003004340778	0001	E		000	00000000					000000	0000		0	0.500	0.500	0	TO	TO	000000000015000177	0	0			04.08.2026		000000000000	0.0	X	0.0		X			1070	FKDL	1	1	0	X		FG01			1070	40	ZPFG	04.08.2026	04.08.2026	1					2,443.24		9004897114			1029		000000000000000000		0000000000	0000	0000000000	0000										0.500	04.08.2026	1				0				000000000000000000	1070								0		0	00000000	
ROW72|700	003004340818	0001	E		000	00000000					000000	0000		0	0.150	42	0	TO	TO	000000000015000177	0	0			04.08.2026		000000000000	0.0	X	0.0		X			1003	FRNC	1	1	0	X		FG01			1003	40	ZPFG	04.08.2026	04.08.2026	1					129,002.16		9004897180			1008		000000000000000000		0000000000	0000	0000000000	0000										0.150	04.08.2026	1				0				000000000000000000	1003								0		0	00000000	
ROW73|700	003004340838	0001	E		000	00000000					000000	0000		0	40	40	0	TO	TO	000000000015000177	0	0			04.08.2026		000000000000	0.0	X	0.0		X			1004	FNWL	1	1	0	X		FG01			1004	40	ZPFG	04.08.2026	04.08.2026	1					111,625.20		9004897223			1008		000000000000000000		0000000000	0000	0000000000	0000										40	04.08.2026	1				0				000000000000000000	1004								0		0	00000000	
ROW74|700	003004340841	0001	E		000	00000000					000000	0000		0	45	43	0	TO	TO	000000000015000177	0	0			05.08.2026		000000000000	0.0	X	0.0		X			1004	FNWL	1	1	0			FG01			1004	40	ZPFG	04.08.2026	04.08.2026	1					119,997.09		9004897230			1008		000000000000000000		0000000000	0000	0000000000	0000										45	04.08.2026	1				0				000000000000000000	1004								0		0	00000000	
ROW75|700	003004340846	0001	E		000	00000000					000000	0000		0	45	45	0	TO	TO	000000000015000177	0	0			04.08.2026		000000000000	0.0	X	0.0		X			1003	FRNC	1	1	0	X		FG01			1003	40	ZPFG	04.08.2026	04.08.2026	1					138,216.60		9004897241			1008		000000000000000000		0000000000	0000	0000000000	0000										45	04.08.2026	1				0				000000000000000000	1003								0		0	00000000	
ROW76|700	003004340852	0001	E		000	00000000					000000	0000		0	38	38	0	TO	TO	000000000015000177	0	0			05.08.2026		000000000000	0.0	X	0.0		X			1014	FJWN	1	1	0	X		FG01			1014	40	ZPFG	04.08.2026	04.08.2026	1					117,905.64		9004897250			1008		000000000000000000		0000000000	0000	0000000000	0000										38	04.08.2026	1				0				000000000000000000	1014								0		0	00000000	
ROW77|700	003004340859	0001	E		000	00000000					000000	0000		0	45	45	0	TO	TO	000000000015000177	0	0			04.08.2026		000000000000	0.0	X	0.0		X			1003	FRNC	1	1	0	X		FG01			1003	40	ZPFG	04.08.2026	04.08.2026	1					138,216.60		9004897262			1008		000000000000000000		0000000000	0000	0000000000	0000										45	04.08.2026	1				0				000000000000000000	1003								0		0	00000000	
ROW78|700	003004340861	0001	E		000	00000000					000000	0000		0	35	35	0	TO	TO	000000000015000177	0	0			04.08.2026		000000000000	0.0	X	0.0		X			1046	FNRC	1	1	0	X		FG01			1046	40	ZPFG	04.08.2026	04.08.2026	1					97,008.80		9004897273			1022		000000000000000000		0000000000	0000	0000000000	0000										35	04.08.2026	1				0				000000000000000000	1046								0		0	00000000	
ROW79|700	003004340862	0001	E		000	00000000					000000	0000		0	35	35	0	TO	TO	000000000015000177	0	0			04.08.2026		000000000000	0.0	X	0.0		X			1046	FNRC	1	1	0	X		FG01			1046	40	ZPFG	04.08.2026	04.08.2026	1					97,008.80		9004897274			1022		000000000000000000		0000000000	0000	0000000000	0000										35	04.08.2026	1				0				000000000000000000	1046								0		0	00000000	
ROW80|700	003004340865	0001	E		000	00000000					000000	0000		0	45	0	0	TO	TO	000000000015000177	0	0					000000000000	0.0	X	0.0		X			1003	FRNC	1	1	0			FG01			1003	40	ZPFG	04.08.2026	04.08.2026	1					0.00		9004897285			1008		000000000000000000		0000000000	0000	0000000000	0000										45	04.08.2026	1				0				000000000000000000	1003								0		0	00000000	
ROW81|700	003004340873	0001	E		000	00000000					000000	0000		0	35	0	0	TO	TO	000000000015000177	0	0					000000000000	0.0	X	0.0		X			1046	FNRC	1	1	0			FG01			1046	40	ZPFG	04.08.2026	04.08.2026	1					0.00		9004897302			1022		000000000000000000		0000000000	0000	0000000000	0000										35	04.08.2026	1				0				000000000000000000	1046								0		0	00000000	
ROW82|700	003004340877	0001	E		000	00000000					000000	0000		0	5	5	0	TO	TO	000000000015000177	0	0			04.08.2026		000000000000	0.0	X	0.0		X			1304	FEGU	1	1	0	X		FG01			1304	40	ZPFG	04.08.2026	04.08.2026	1					21,366.90		9004897308			1309		000000000000000000		0000000000	0000	0000000000	0000										5	04.08.2026	1				0				000000000000000000	1304								0		0	00000000	
ROW83|700	003004340878	0001	E		000	00000000					000000	0000		0	1	20	0	TO	TO	000000000015000177	0	0			04.08.2026		000000000000	0.0	X	0.0		X			1007	FRGU	1	1	0	X		FG01			1007	40	ZPFG	04.08.2026	04.08.2026	1					89,156.60		9004897309			1005		000000000000000000		0000000000	0000	0000000000	0000										1	04.08.2026	1				0				000000000000000000	1007								0		0	00000000	
ROW84|700	003004340881	0001	E		000	00000000					000000	0000		0	1	20	0	TO	TO	000000000015000177	0	0			04.08.2026		000000000000	0.0	X	0.0		X			1007	FRGU	1	1	0	X		FG01			1007	40	ZPFG	04.08.2026	04.08.2026	1					89,156.60		9004897313			1005		000000000000000000		0000000000	0000	0000000000	0000										1	04.08.2026	1				0				000000000000000000	1007								0		0	00000000	
ROW85|700	003004340937	0001	E		000	00000000					000000	0000		0	45	45	0	TO	TO	000000000015000177	0	0			05.08.2026		000000000000	0.0	X	0.0		X			1014	FJWN	1	1	0	X		FG01			1014	40	ZPFG	04.08.2026	04.08.2026	1					139,625.10		9004897446			1008		000000000000000000		0000000000	0000	0000000000	0000										45	04.08.2026	1				0				000000000000000000	1014								0		0	00000000	
ROW86|700	003004340938	0001	E		000	00000000					000000	0000		0	45	45	0	TO	TO	000000000015000177	0	0			05.08.2026		000000000000	0.0	X	0.0		X			1014	FJWN	1	1	0	X		FG01			1014	40	ZPFG	04.08.2026	04.08.2026	1					139,625.10		9004897447			1008		000000000000000000		0000000000	0000	0000000000	0000										45	04.08.2026	1				0				000000000000000000	1014								0		0	00000000	
ROW87|700	003004340961	0001	E		000	00000000					000000	0000		0	42	42	0	TO	TO	000000000015000177	0	0			05.08.2026		000000000000	0.0	X	0.0		X			1014	FJWN	1	1	0	X		FG01			1014	40	ZPFG	04.08.2026	04.08.2026	1					130,316.76		9004897487			1008		000000000000000000		0000000000	0000	0000000000	0000										42	04.08.2026	1				0				000000000000000000	1014								0		0	00000000	
ROW88|700	003004340977	0001	E		000	00000000					000000	0000		0	26	26	0	TO	TO	000000000015000177	0	0			04.08.2026		000000000000	0.0	X	0.0		X			1070	FKDL	1	1	0	X		FG01			1070	40	ZPFG	04.08.2026	04.08.2026	1					127,048.22		9004897515			1029		000000000000000000		0000000000	0000	0000000000	0000										26	04.08.2026	1				0				000000000000000000	1070								0		0	00000000	
ROW89|700	003004340979	0001	E		000	00000000					000000	0000		0	28	28	0	TO	TO	000000000015000177	0	0			04.08.2026		000000000000	0.0	X	0.0		X			1070	FKDL	1	1	0	X		FG01			1070	40	ZPFG	04.08.2026	04.08.2026	1					136,821.16		9004897518			1029		000000000000000000		0000000000	0000	0000000000	0000										28	04.08.2026	1				0				000000000000000000	1070								0		0	00000000	
ROW90|700	003004341004	0001	E		000	00000000					000000	0000		0	45	0	0	TO	TO	000000000015000177	0	0					000000000000	0.0	X	0.0		X			1014	FJWN	1	1	0			FG01			1014	40	ZPFG	04.08.2026	04.08.2026	1					0.00		9004897566			1008		000000000000000000		0000000000	0000	0000000000	0000										45	04.08.2026	1				0				000000000000000000	1014								0		0	00000000	
ROW91|700	003004341008	0001	E		000	00000000					000000	0000		0	40	40	0	TO	TO	000000000015000177	0	0			04.08.2026		000000000000	0.0	X	0.0		X			1014	FJWN	1	1	0	X		FG01			1014	40	ZPFG	04.08.2026	04.08.2026	1					124,111.20		9004897572			1008		000000000000000000		0000000000	0000	0000000000	0000										40	04.08.2026	1				0				000000000000000000	1014								0		0	00000000	
ROW92|700	003004341035	0001	E		000	00000000					000000	0000		0	42	0	0	TO	TO	000000000015000177	0	0					000000000000	0.0	X	0.0		X			1003	FRNC	1	1	0			FG01			1003	40	ZPFG	04.08.2026	04.08.2026	1					0.00		9004897645			1008		000000000000000000		0000000000	0000	0000000000	0000										42	04.08.2026	1				0				000000000000000000	1003								0		0	00000000	
ROW93|700	003004341086	0001	E		000	00000000					000000	0000		0	42	42	0	TO	TO	000000000015000177	0	0			05.08.2026		000000000000	0.0	X	0.0		X			1003	FRNC	1	1	0	X		FG01			1003	40	ZPFG	04.08.2026	04.08.2026	1					129,002.16		9004897809			1008		000000000000000000		0000000000	0000	0000000000	0000										42	04.08.2026	1				0				000000000000000000	1003								0		0	00000000	
ROW94|700	003004341132	0001	E		000	00000000					000000	0000		0	40	40	0	TO	TO	000000000015000177	0	0			04.08.2026		000000000000	0.0	X	0.0		X			1004	FNWL	1	1	0	X		FG01			1004	40	ZPFG	04.08.2026	04.08.2026	1					111,625.20		9004897909			1008		000000000000000000		0000000000	0000	0000000000	0000										40	04.08.2026	1				0				000000000000000000	1004								0		0	00000000	
ROW95|700	003004341137	0001	E		000	00000000					000000	0000		0	45	45	0	TO	TO	000000000015000177	0	0			04.08.2026		000000000000	0.0	X	0.0		X			1004	FNWL	1	1	0	X		FG01			1004	40	ZPFG	04.08.2026	04.08.2026	1					125,578.35		9004897918			1008		000000000000000000		0000000000	0000	0000000000	0000										45	04.08.2026	1				0				000000000000000000	1004								0		0	00000000	
ROW96|700	003004341177	0001	E		000	00000000					000000	0000		0	42	0	0	TO	TO	000000000015000177	0	0					000000000000	0.0	X	0.0		X			1304	FEGU	1	1	0			FG01			1304	40	ZPFG	04.08.2026	04.08.2026	1					0.00		9004898008			1309		000000000000000000		0000000000	0000	0000000000	0000										42	04.08.2026	1				0				000000000000000000	1304								0		0	00000000	
ROW97|700	003004341178	0001	E		000	00000000					000000	0000		0	42	42	0	TO	TO	000000000015000177	0	0			04.08.2026		000000000000	0.0	X	0.0		X			1304	FEGU	1	1	0	X		FG01			1304	40	ZPFG	04.08.2026	04.08.2026	1					179,481.96		9004898010			1309		000000000000000000		0000000000	0000	0000000000	0000										42	04.08.2026	1				0				000000000000000000	1304								0		0	00000000	
ROW98|700	003004341179	0001	E		000	00000000					000000	0000		0	1	45	0	TO	TO	000000000015000177	0	0			04.08.2026		000000000000	0.0	X	0.0		X			1003	FRNC	1	1	0	X		FG01			1003	40	ZPFG	04.08.2026	04.08.2026	1					138,216.60		9004898011			1008		000000000000000000		0000000000	0000	0000000000	0000										1	04.08.2026	1				0				000000000000000000	1003								0		0	00000000	
ROW99|700	003004341187	0001	E		000	00000000					000000	0000		0	35	0	0	TO	TO	000000000015000177	0	0					000000000000	0.0	X	0.0		X			1304	FEGU	1	1	0			FG01			1304	40	ZPFG	04.08.2026	04.08.2026	1					0.00		9004898033			1309		000000000000000000		0000000000	0000	0000000000	0000										35	04.08.2026	1				0				000000000000000000	1304								0		0	00000000	
ROW100|700	003004341188	0001	E		000	00000000					000000	0000		0	35	35	0	TO	TO	000000000015000177	0	0			05.08.2026		000000000000	0.0	X	0.0		X			1304	FEGU	1	1	0	X		FG01			1304	40	ZPFG	04.08.2026	04.08.2026	1					149,568.30		9004898034			1309		000000000000000000		0000000000	0000	0000000000	0000										35	04.08.2026	1				0				000000000000000000	1304								0		0	00000000	
ROW101|700	003004341189	0001	E		000	00000000					000000	0000		0	30	30	0	TO	TO	000000000015000177	0	0			05.08.2026		000000000000	0.0	X	0.0		X			1304	FEGU	1	1	0	X		FG01			1304	40	ZPFG	04.08.2026	04.08.2026	1					128,201.40		9004898035			1309		000000000000000000		0000000000	0000	0000000000	0000										30	04.08.2026	1				0				000000000000000000	1304								0		0	00000000	
ROW102|700	003004341194	0001	E		000	00000000					000000	0000		0	35	35	0	TO	TO	000000000015000177	0	0			05.08.2026		000000000000	0.0	X	0.0		X			1304	FEGU	1	1	0	X		FG01			1304	40	ZPFG	04.08.2026	04.08.2026	1					149,568.30		9004898050			1309		000000000000000000		0000000000	0000	0000000000	0000										35	04.08.2026	1				0				000000000000000000	1304								0		0	00000000	
ROW103|700	003004341207	0001	E		000	00000000					000000	0000		0	45	45	0	TO	TO	000000000015000177	0	0			04.08.2026		000000000000	0.0	X	0.0		X			1003	FRNC	1	1	0	X		FG01			1003	40	ZPFG	04.08.2026	04.08.2026	1					138,216.60		9004898069			1008		000000000000000000		0000000000	0000	0000000000	0000										45	04.08.2026	1				0				000000000000000000	1003								0		0	00000000	
ROW104|700	003004341208	0001	E		000	00000000					000000	0000		0	42	41	0	TO	TO	000000000015000177	0	0			04.08.2026		000000000000	0.0	X	0.0		X			1003	FRNC	1	1	0			FG01			1003	40	ZPFG	04.08.2026	04.08.2026	1					125,930.68		9004898070			1008		000000000000000000		0000000000	0000	0000000000	0000										42	04.08.2026	1				0				000000000000000000	1003								0		0	00000000	
ROW105|700	003004341209	0001	E		000	00000000					000000	0000		0	42	41	0	TO	TO	000000000015000177	0	0			04.08.2026		000000000000	0.0	X	0.0		X			1003	FRNC	1	1	0			FG01			1003	40	ZPFG	04.08.2026	04.08.2026	1					125,930.68		9004898071			1008		000000000000000000		0000000000	0000	0000000000	0000										42	04.08.2026	1				0				000000000000000000	1003								0		0	00000000	
ROW106|700	003004341211	0001	E		000	00000000					000000	0000		0	42	42	0	TO	TO	000000000015000177	0	0			04.08.2026		000000000000	0.0	X	0.0		X			1003	FRNC	1	1	0	X		FG01			1003	40	ZPFG	04.08.2026	04.08.2026	1					129,002.16		9004898073			1008		000000000000000000		0000000000	0000	0000000000	0000										42	04.08.2026	1				0				000000000000000000	1003								0		0	00000000	
ROW107|700	003004341212	0001	E		000	00000000					000000	0000		0	42	42	0	TO	TO	000000000015000177	0	0			04.08.2026		000000000000	0.0	X	0.0		X			1003	FRNC	1	1	0	X		FG01			1003	40	ZPFG	04.08.2026	04.08.2026	1					129,002.16		9004898074			1008		000000000000000000		0000000000	0000	0000000000	0000										42	04.08.2026	1				0				000000000000000000	1003								0		0	00000000	
ROW108|700	003004341230	0001	E		000	00000000					000000	0000		0	45	41	0	TO	TO	000000000015000177	0	0			04.08.2026		000000000000	0.0	X	0.0		X			1003	FRNC	1	1	0			FG01			1003	40	ZPFG	04.08.2026	04.08.2026	1					125,930.68		9004898119			1008		000000000000000000		0000000000	0000	0000000000	0000										45	04.08.2026	1				0				000000000000000000	1003								0		0	00000000	
ROW109|700	003004341234	0001	E		000	00000000					000000	0000		0	45	45	0	TO	TO	000000000015000177	0	0			05.08.2026		000000000000	0.0	X	0.0		X			1004	FNWL	1	1	0	X		FG01			1004	40	ZPFG	04.08.2026	04.08.2026	1					125,578.35		9004898136			1008		000000000000000000		0000000000	0000	0000000000	0000										45	04.08.2026	1				0				000000000000000000	1004								0		0	00000000	
ROW110|700	003004341248	0001	E		000	00000000					000000	0000		0	45	45	0	TO	TO	000000000015000177	0	0			05.08.2026		000000000000	0.0	X	0.0		X			1004	FNWL	1	1	0	X		FG01			1004	40	ZPFG	04.08.2026	04.08.2026	1					125,578.35		9004898152			1008		000000000000000000		0000000000	0000	0000000000	0000										45	04.08.2026	1				0				000000000000000000	1004								0		0	00000000	
ROW111|700	003004341326	0001	E		000	00000000					000000	0000		0	38	0	0	TO	TO	000000000015000177	0	0					000000000000	0.0	X	0.0		X			1006	FJGU	1	1	0			FG01			1006	40	ZPFG	04.08.2026	04.08.2026	1					0.00		9004898339			1008		000000000000000000		0000000000	0000	0000000000	0000										38	04.08.2026	1				0				000000000000000000	1006								0		0	00000000	
ROW112|700	003004341386	0001	E		000	00000000					000000	0000		0	35	35	0	TO	TO	000000000015000177	0	0			04.08.2026		000000000000	0.0	X	0.0		X			1304	FEGU	1	1	0	X		FG01			1304	40	ZPFG	04.08.2026	04.08.2026	1					149,568.30		9004898510			1309		000000000000000000		0000000000	0000	0000000000	0000										35	04.08.2026	1				0				000000000000000000	1304								0		0	00000000	
ROW113|700	003004341387	0001	E		000	00000000					000000	0000		0	42	0	0	TO	TO	000000000015000177	0	0					000000000000	0.0	X	0.0		X			1014	FJWN	1	1	0			FG01			1014	40	ZPFG	04.08.2026	04.08.2026	1					0.00		9004898512			1008		000000000000000000		0000000000	0000	0000000000	0000										42	04.08.2026	1				0				000000000000000000	1014								0		0	00000000	
ROW114|700	003004341392	0001	E		000	00000000					000000	0000		0	35	35	0	TO	TO	000000000015000177	0	0			04.08.2026		000000000000	0.0	X	0.0		X			1304	FEGU	1	1	0	X		FG01			1304	40	ZPFG	04.08.2026	04.08.2026	1					149,568.30		9004898521			1309		000000000000000000		0000000000	0000	0000000000	0000										35	04.08.2026	1				0				000000000000000000	1304								0		0	00000000	
ROW115|700	003004341393	0001	E		000	00000000					000000	0000		0	35	35	0	TO	TO	000000000015000177	0	0			04.08.2026		000000000000	0.0	X	0.0		X			1304	FEGU	1	1	0	X		FG01			1304	40	ZPFG	04.08.2026	04.08.2026	1					149,568.30		9004898522			1309		000000000000000000		0000000000	0000	0000000000	0000										35	04.08.2026	1				0				000000000000000000	1304								0		0	00000000	
ROW116|700	003004341400	0001	E		000	00000000					000000	0000		0	30	0	0	TO	TO	000000000015000177	0	0					000000000000	0.0	X	0.0		X			1014	FJWN	1	1	0			FG01			1014	40	ZPFG	04.08.2026	04.08.2026	1					0.00		9004898538			1008		000000000000000000		0000000000	0000	0000000000	0000										30	04.08.2026	1				0				000000000000000000	1014								0		0	00000000	
ROW117|700	003004341412	0001	E		000	00000000					000000	0000		0	44	44	0	TO	TO	000000000015000177	0	0			04.08.2026		000000000000	0.0	X	0.0		X			1304	FEGU	1	1	0	X		FG01			1304	40	ZPFG	04.08.2026	04.08.2026	1					188,028.72		9004898555			1309		000000000000000000		0000000000	0000	0000000000	0000										44	04.08.2026	1				0				000000000000000000	1304								0		0	00000000	
ROW118|700	003004341413	0001	E		000	00000000					000000	0000		0	42	42	0	TO	TO	000000000015000177	0	0			04.08.2026		000000000000	0.0	X	0.0		X			1304	FEGU	1	1	0	X		FG01			1304	40	ZPFG	04.08.2026	04.08.2026	1					179,481.96		9004898556			1309		000000000000000000		0000000000	0000	0000000000	0000										42	04.08.2026	1				0				000000000000000000	1304								0		0	00000000	
ROW119|700	003004341452	0001	E		000	00000000					000000	0000		0	38	38	0	TO	TO	000000000015000177	0	0			05.08.2026		000000000000	0.0	X	0.0		X			1014	FJWN	1	1	0	X		FG01			1014	40	ZPFG	04.08.2026	04.08.2026	1					117,905.64		9004898636			1008		000000000000000000		0000000000	0000	0000000000	0000										38	04.08.2026	1				0				000000000000000000	1014								0		0	00000000	
ROW120|700	003004341453	0001	E		000	00000000					000000	0000		0	38	38	0	TO	TO	000000000015000177	0	0			05.08.2026		000000000000	0.0	X	0.0		X			1014	FJWN	1	1	0	X		FG01			1014	40	ZPFG	04.08.2026	04.08.2026	1					117,905.64		9004898638			1008		000000000000000000		0000000000	0000	0000000000	0000										38	04.08.2026	1				0				000000000000000000	1014								0		0	00000000	
ROW121|700	003004341454	0001	E		000	00000000					000000	0000		0	38	38	0	TO	TO	000000000015000177	0	0			05.08.2026		000000000000	0.0	X	0.0		X			1014	FJWN	1	1	0	X		FG01			1014	40	ZPFG	04.08.2026	04.08.2026	1					117,905.64		9004898639			1008		000000000000000000		0000000000	0000	0000000000	0000										38	04.08.2026	1				0				000000000000000000	1014								0		0	00000000	
ROW122|700	003004341455	0001	E		000	00000000					000000	0000		0	38	0	0	TO	TO	000000000015000177	0	0					000000000000	0.0	X	0.0		X			1014	FJWN	1	1	0			FG01			1014	40	ZPFG	04.08.2026	04.08.2026	1					0.00		9004898641			1008		000000000000000000		0000000000	0000	0000000000	0000										38	04.08.2026	1				0				000000000000000000	1014								0		0	00000000	
ROW123|700	003004341456	0001	E		000	00000000					000000	0000		0	38	0	0	TO	TO	000000000015000177	0	0					000000000000	0.0	X	0.0		X			1014	FJWN	1	1	0			FG01			1014	40	ZPFG	04.08.2026	04.08.2026	1					0.00		9004898643			1008		000000000000000000		0000000000	0000	0000000000	0000										38	04.08.2026	1				0				000000000000000000	1014								0		0	00000000	
ROW124|700	003004341469	0001	E		000	00000000					000000	0000		0	5	5	0	TO	TO	000000000015000177	0	0			04.08.2026		000000000000	0.0	X	0.0		X			1304	FEGU	1	1	0	X		FG01			1304	40	ZPFG	04.08.2026	04.08.2026	1					21,366.90		9004898664			1309		000000000000000000		0000000000	0000	0000000000	0000										5	04.08.2026	1				0				000000000000000000	1304								0		0	00000000	
ROW125|700	003004341566	0001	E		000	00000000					000000	0000		0	42	42	0	TO	TO	000000000015000177	0	0			04.08.2026		000000000000	0.0	X	0.0		X			1003	FRNC	1	1	0	X		FG01			1003	40	ZPFG	04.08.2026	04.08.2026	1					129,002.16		9004898846			1008		000000000000000000		0000000000	0000	0000000000	0000										42	04.08.2026	1				0				000000000000000000	1003								0		0	00000000	
ROW126|700	003004341568	0001	E		000	00000000					000000	0000		0	42	41.500	0	TO	TO	000000000015000177	0	0			04.08.2026		000000000000	0.0	X	0.0		X			1003	FRNC	1	1	0			FG01			1003	40	ZPFG	04.08.2026	04.08.2026	1					127,466.42		9004898849			1008		000000000000000000		0000000000	0000	0000000000	0000										42	04.08.2026	1				0				000000000000000000	1003								0		0	00000000	
ROW127|700	003004341569	0001	E		000	00000000					000000	0000		0	42	41	0	TO	TO	000000000015000177	0	0			04.08.2026		000000000000	0.0	X	0.0		X			1003	FRNC	1	1	0			FG01			1003	40	ZPFG	04.08.2026	04.08.2026	1					125,930.68		9004898850			1008		000000000000000000		0000000000	0000	0000000000	0000										42	04.08.2026	1				0				000000000000000000	1003								0		0	00000000	
ROW128|700	003004341570	0001	E		000	00000000					000000	0000		0	42	42	0	TO	TO	000000000015000177	0	0			04.08.2026		000000000000	0.0	X	0.0		X			1003	FRNC	1	1	0	X		FG01			1003	40	ZPFG	04.08.2026	04.08.2026	1					129,002.16		9004898852			1008		000000000000000000		0000000000	0000	0000000000	0000										42	04.08.2026	1				0				000000000000000000	1003								0		0	00000000	
ROW129|700	003004341581	0001	E		000	00000000					000000	0000		0	42	0	0	TO	TO	000000000015000177	0	0					000000000000	0.0	X	0.0		X			1002	FRAS	1	1	0			FG01			1002	40	ZPFG	04.08.2026	04.08.2026	1					0.00		9004898868			1008		000000000000000000		0000000000	0000	0000000000	0000										42	04.08.2026	1				0				000000000000000000	1002								0		0	00000000	
ROW130|700	003004341584	0001	E		000	00000000					000000	0000		0	42	0	0	TO	TO	000000000015000177	0	0					000000000000	0.0	X	0.0		X			1002	FRAS	1	1	0			FG01			1002	40	ZPFG	04.08.2026	04.08.2026	1					0.00		9004898871			1008		000000000000000000		0000000000	0000	0000000000	0000										42	04.08.2026	1				0				000000000000000000	1002								0		0	00000000	
ROW131|700	003004341600	0001	E		000	00000000					000000	0000		0	42	42	0	TO	TO	000000000015000177	0	0			05.08.2026		000000000000	0.0	X	0.0		X			1014	FJWN	1	1	0	X		FG01			1014	40	ZPFG	04.08.2026	04.08.2026	1					130,316.76		9004898893			1008		000000000000000000		0000000000	0000	0000000000	0000										42	04.08.2026	1				0				000000000000000000	1014								0		0	00000000	
ROW132|700	003004341605	0001	E		000	00000000					000000	0000		0	20	0	0	TO	TO	000000000015000177	0	0					000000000000	0.0	X	0.0		X			1014	FJWN	1	1	0			FG01			1014	40	ZPFG	04.08.2026	04.08.2026	1					0.00		9004898898			1008		000000000000000000		0000000000	0000	0000000000	0000										20	04.08.2026	1				0				000000000000000000	1014								0		0	00000000	
ROW133|700	003004341606	0001	E		000	00000000					000000	0000		0	20	0	0	TO	TO	000000000015000177	0	0					000000000000	0.0	X	0.0		X			1014	FJWN	1	1	0			FG01			1014	40	ZPFG	04.08.2026	04.08.2026	1					0.00		9004898899			1008		000000000000000000		0000000000	0000	0000000000	0000										20	04.08.2026	1				0				000000000000000000	1014								0		0	00000000	
ROW134|700	003004341607	0001	E		000	00000000					000000	0000		0	20	0	0	TO	TO	000000000015000177	0	0					000000000000	0.0	X	0.0		X			1014	FJWN	1	1	0			FG01			1014	40	ZPFG	04.08.2026	04.08.2026	1					0.00		9004898900			1008		000000000000000000		0000000000	0000	0000000000	0000										20	04.08.2026	1				0				000000000000000000	1014								0		0	00000000	
ROW135|700	003004341608	0001	E		000	00000000					000000	0000		0	35	38	0	TO	TO	000000000015000177	0	0			04.08.2026		000000000000	0.0	X	0.0		X			1014	FJWN	1	1	0	X		FG01			1014	40	ZPFG	04.08.2026	04.08.2026	1					117,905.64		9004898903			1008		000000000000000000		0000000000	0000	0000000000	0000										35	04.08.2026	1				0				000000000000000000	1014								0		0	00000000	
ROW136|700	003004341610	0001	E		000	00000000					000000	0000		0	45	0	0	TO	TO	000000000015000177	0	0					000000000000	0.0	X	0.0		X			1014	FJWN	1	1	0			FG01			1014	40	ZPFG	04.08.2026	04.08.2026	1					0.00		9004898904			1008		000000000000000000		0000000000	0000	0000000000	0000										45	04.08.2026	1				0				000000000000000000	1014								0		0	00000000	
ROW137|700	003004341611	0001	E		000	00000000					000000	0000		0	45	45	0	TO	TO	000000000015000177	0	0			04.08.2026		000000000000	0.0	X	0.0		X			1014	FJWN	1	1	0	X		FG01			1014	40	ZPFG	04.08.2026	04.08.2026	1					139,625.10		9004898905			1008		000000000000000000		0000000000	0000	0000000000	0000										45	04.08.2026	1				0				000000000000000000	1014								0		0	00000000	
ROW138|700	003004341612	0001	E		000	00000000					000000	0000		0	45	42	0	TO	TO	000000000015000177	0	0			05.08.2026		000000000000	0.0	X	0.0		X			1014	FJWN	1	1	0			FG01			1014	40	ZPFG	04.08.2026	04.08.2026	1					130,316.76		9004898907			1008		000000000000000000		0000000000	0000	0000000000	0000										45	04.08.2026	1				0				000000000000000000	1014								0		0	00000000	
ROW139|700	003004341614	0001	E		000	00000000					000000	0000		0	45	0	0	TO	TO	000000000015000177	0	0					000000000000	0.0	X	0.0		X			1014	FJWN	1	1	0			FG01			1014	40	ZPFG	04.08.2026	04.08.2026	1					0.00		9004898910			1008		000000000000000000		0000000000	0000	0000000000	0000										45	04.08.2026	1				0				000000000000000000	1014								0		0	00000000	
ROW140|700	003004341615	0001	E		000	00000000					000000	0000		0	45	0	0	TO	TO	000000000015000177	0	0					000000000000	0.0	X	0.0		X			1014	FJWN	1	1	0			FG01			1014	40	ZPFG	04.08.2026	04.08.2026	1					0.00		9004898911			1008		000000000000000000		0000000000	0000	0000000000	0000										45	04.08.2026	1				0				000000000000000000	1014								0		0	00000000	
ROW141|700	003004341616	0001	E		000	00000000					000000	0000		0	45	45	0	TO	TO	000000000015000177	0	0			05.08.2026		000000000000	0.0	X	0.0		X			1014	FJWN	1	1	0	X		FG01			1014	40	ZPFG	04.08.2026	04.08.2026	1					139,625.10		9004898912			1008		000000000000000000		0000000000	0000	0000000000	0000										45	04.08.2026	1				0				000000000000000000	1014								0		0	00000000	
ROW142|700	003004341619	0001	E		000	00000000					000000	0000		0	42	0	0	TO	TO	000000000015000177	0	0					000000000000	0.0	X	0.0		X			1006	FJGU	1	1	0			FG01			1006	40	ZPFG	04.08.2026	04.08.2026	1					0.00		9004898918			1008		000000000000000000		0000000000	0000	0000000000	0000										42	04.08.2026	1				0				000000000000000000	1006								0		0	00000000	
ROW143|700	003004341630	0001	E		000	00000000					000000	0000		0	42	42	0	TO	TO	000000000015000177	0	0			04.08.2026		000000000000	0.0	X	0.0		X			1003	FRNC	1	1	0	X		FG01			1003	40	ZPFG	04.08.2026	04.08.2026	1					129,002.16		9004898935			1008		000000000000000000		0000000000	0000	0000000000	0000										42	04.08.2026	1				0				000000000000000000	1003								0		0	00000000	
ROW144|700	003004341631	0001	E		000	00000000					000000	0000		0	42	0	0	TO	TO	000000000015000177	0	0					000000000000	0.0	X	0.0		X			1003	FRNC	1	1	0			FG01			1003	40	ZPFG	04.08.2026	04.08.2026	1					0.00		9004898936			1008		000000000000000000		0000000000	0000	0000000000	0000										42	04.08.2026	1				0				000000000000000000	1003								0		0	00000000	
ROW145|700	003004341634	0001	E		000	00000000					000000	0000		0	38	0	0	TO	TO	000000000015000177	0	0					000000000000	0.0	X	0.0		X			1006	FJGU	1	1	0			FG01			1006	40	ZPFG	04.08.2026	04.08.2026	1					0.00		9004898939			1008		000000000000000000		0000000000	0000	0000000000	0000										38	04.08.2026	1				0				000000000000000000	1006								0		0	00000000	
ROW146|700	003004341636	0001	E		000	00000000					000000	0000		0	42	42	0	TO	TO	000000000015000177	0	0			05.08.2026		000000000000	0.0	X	0.0		X			1003	FRNC	1	1	0	X		FG01			1003	40	ZPFG	04.08.2026	04.08.2026	1					129,002.16		9004898941			1008		000000000000000000		0000000000	0000	0000000000	0000										42	04.08.2026	1				0				000000000000000000	1003								0		0	00000000	
ROW147|700	003004341637	0001	E		000	00000000					000000	0000		0	42	42	0	TO	TO	000000000015000177	0	0			05.08.2026		000000000000	0.0	X	0.0		X			1003	FRNC	1	1	0	X		FG01			1003	40	ZPFG	04.08.2026	04.08.2026	1					129,002.16		9004898942			1008		000000000000000000		0000000000	0000	0000000000	0000										42	04.08.2026	1				0				000000000000000000	1003								0		0	00000000	
ROW148|700	003004341651	0001	E		000	00000000					000000	0000		0	42	42	0	TO	TO	000000000015000177	0	0			04.08.2026		000000000000	0.0	X	0.0		X			1003	FRNC	1	1	0	X		FG01			1003	40	ZPFG	04.08.2026	04.08.2026	1					129,002.16		9004898972			1008		000000000000000000		0000000000	0000	0000000000	0000										42	04.08.2026	1				0				000000000000000000	1003								0		0	00000000	
ROW149|700	003004341655	0001	E		000	00000000					000000	0000		0	42	0	0	TO	TO	000000000015000177	0	0					000000000000	0.0	X	0.0		X			1014	FJWN	1	1	0			FG01			1014	40	ZPFG	04.08.2026	04.08.2026	1					0.00		9004898976			1008		000000000000000000		0000000000	0000	0000000000	0000										42	04.08.2026	1				0				000000000000000000	1014								0		0	00000000	
ROW150|700	003004341656	0001	E		000	00000000					000000	0000		0	42	0	0	TO	TO	000000000015000177	0	0					000000000000	0.0	X	0.0		X			1014	FJWN	1	1	0			FG01			1014	40	ZPFG	04.08.2026	04.08.2026	1					0.00		9004898977			1008		000000000000000000		0000000000	0000	0000000000	0000										42	04.08.2026	1				0				000000000000000000	1014								0		0	00000000	
ROW151|700	003004341662	0001	E		000	00000000					000000	0000		0	42	42	0	TO	TO	000000000015000177	0	0			04.08.2026		000000000000	0.0	X	0.0		X			1003	FRNC	1	1	0	X		FG01			1003	40	ZPFG	04.08.2026	04.08.2026	1					129,002.16		9004898990			1008		000000000000000000		0000000000	0000	0000000000	0000										42	04.08.2026	1				0				000000000000000000	1003								0		0	00000000	
ROW152|700	003004341666	0001	E		000	00000000					000000	0000		0	45	45	0	TO	TO	000000000015000177	0	0			05.08.2026		000000000000	0.0	X	0.0		X			1014	FJWN	1	1	0	X		FG01			1014	40	ZPFG	04.08.2026	04.08.2026	1					139,625.10		9004898994			1008		000000000000000000		0000000000	0000	0000000000	0000										45	04.08.2026	1				0				000000000000000000	1014								0		0	00000000	
ROW153|700	003004341667	0001	E		000	00000000					000000	0000		0	45	42	0	TO	TO	000000000015000177	0	0			05.08.2026		000000000000	0.0	X	0.0		X			1014	FJWN	1	1	0			FG01			1014	40	ZPFG	04.08.2026	04.08.2026	1					130,316.76		9004898995			1008		000000000000000000		0000000000	0000	0000000000	0000										45	04.08.2026	1				0				000000000000000000	1014								0		0	00000000	
ROW154|700	003004341668	0001	E		000	00000000					000000	0000		0	45	45	0	TO	TO	000000000015000177	0	0			05.08.2026		000000000000	0.0	X	0.0		X			1014	FJWN	1	1	0	X		FG01			1014	40	ZPFG	04.08.2026	04.08.2026	1					139,625.10		9004898997			1008		000000000000000000		0000000000	0000	0000000000	0000										45	04.08.2026	1				0				000000000000000000	1014								0		0	00000000	
ROW155|700	003004341670	0001	E		000	00000000					000000	0000		0	45	45	0	TO	TO	000000000015000177	0	0			05.08.2026		000000000000	0.0	X	0.0		X			1014	FJWN	1	1	0	X		FG01			1014	40	ZPFG	04.08.2026	04.08.2026	1					139,625.10		9004898999			1008		000000000000000000		0000000000	0000	0000000000	0000										45	04.08.2026	1				0				000000000000000000	1014								0		0	00000000	
ROW156|700	003004341673	0001	E		000	00000000					000000	0000		0	30	30	0	TO	TO	000000000015000177	0	0			05.08.2026		000000000000	0.0	X	0.0		X			1014	FJWN	1	1	0	X		FG01			1014	40	ZPFG	04.08.2026	04.08.2026	1					93,083.40		9004899003			1008		000000000000000000		0000000000	0000	0000000000	0000										30	04.08.2026	1				0				000000000000000000	1014								0		0	00000000	
ROW157|700	003004341682	0001	E		000	00000000					000000	0000		0	25	0	0	TO	TO	000000000015000177	0	0					000000000000	0.0	X	0.0		X			1014	FJWN	1	1	0			FG01			1014	40	ZPFG	04.08.2026	04.08.2026	1					0.00		9004899017			1008		000000000000000000		0000000000	0000	0000000000	0000										25	04.08.2026	1				0				000000000000000000	1014								0		0	00000000	
ROW158|700	003004341691	0001	E		000	00000000					000000	0000		0	42	45	0	TO	TO	000000000015000177	0	0			04.08.2026		000000000000	0.0	X	0.0		X			1003	FRNC	1	1	0	X		FG01			1003	40	ZPFG	04.08.2026	04.08.2026	1					138,216.60		9004899027			1008		000000000000000000		0000000000	0000	0000000000	0000										42	04.08.2026	1				0				000000000000000000	1003								0		0	00000000	
ROW159|700	003004341695	0001	E		000	00000000					000000	0000		0	45	45	0	TO	TO	000000000015000177	0	0			05.08.2026		000000000000	0.0	X	0.0		X			1006	FJGU	1	1	0	X		FG01			1006	40	ZPFG	04.08.2026	04.08.2026	1					161,490.15		9004899035			1008		000000000000000000		0000000000	0000	0000000000	0000										45	04.08.2026	1				0				000000000000000000	1006								0		0	00000000	
ROW160|700	003004341698	0001	E		000	00000000					000000	0000		0	45	45	0	TO	TO	000000000015000177	0	0			05.08.2026		000000000000	0.0	X	0.0		X			1006	FJGU	1	1	0	X		FG01			1006	40	ZPFG	04.08.2026	04.08.2026	1					161,490.15		9004899038			1008		000000000000000000		0000000000	0000	0000000000	0000										45	04.08.2026	1				0				000000000000000000	1006								0		0	00000000	
ROW161|700	003004341700	0001	E		000	00000000					000000	0000		0	45	0	0	TO	TO	000000000015000177	0	0					000000000000	0.0	X	0.0		X			1006	FJGU	1	1	0			FG01			1006	40	ZPFG	04.08.2026	04.08.2026	1					0.00		9004899040			1008		000000000000000000		0000000000	0000	0000000000	0000										45	04.08.2026	1				0				000000000000000000	1006								0		0	00000000	
ROW162|700	003004341701	0001	E		000	00000000					000000	0000		0	45	45	0	TO	TO	000000000015000177	0	0			04.08.2026		000000000000	0.0	X	0.0		X			1003	FRNC	1	1	0	X		FG01			1003	40	ZPFG	04.08.2026	04.08.2026	1					138,216.60		9004899042			1008		000000000000000000		0000000000	0000	0000000000	0000										45	04.08.2026	1				0				000000000000000000	1003								0		0	00000000	
ROW163|700	003004341702	0001	E		000	00000000					000000	0000		0	10	0	0	TO	TO	000000000015000177	0	0					000000000000	0.0	X	0.0		X			1006	FJGU	1	1	0			FG01			1006	40	ZPFG	04.08.2026	04.08.2026	1					0.00		9004899043			1008		000000000000000000		0000000000	0000	0000000000	0000										10	04.08.2026	1				0				000000000000000000	1006								0		0	00000000	
ROW164|700	003004341717	0001	E		000	00000000					000000	0000		0	45	45	0	TO	TO	000000000015000177	0	0			04.08.2026		000000000000	0.0	X	0.0		X			1000	FBWR	1	1	0	X		FG01			1000	40	ZPFG	04.08.2026	04.08.2026	1					148,646.25		9004899074			1008		000000000000000000		0000000000	0000	0000000000	0000										45	04.08.2026	1				0				000000000000000000	1000								0		0	00000000	
ROW165|700	003004341723	0001	E		000	00000000					000000	0000		0	45	0	0	TO	TO	000000000015000177	0	0					000000000000	0.0	X	0.0		X			1003	FRNC	1	1	0			FG01			1003	40	ZPFG	04.08.2026	04.08.2026	1					0.00		9004899089			1008		000000000000000000		0000000000	0000	0000000000	0000										45	04.08.2026	1				0				000000000000000000	1003								0		0	00000000	
ROW166|700	003004341730	0001	E		000	00000000					000000	0000		0	45	0	0	TO	TO	000000000015000177	0	0					000000000000	0.0	X	0.0		X			1003	FRNC	1	1	0			FG01			1003	40	ZPFG	04.08.2026	04.08.2026	1					0.00		9004899111			1008		000000000000000000		0000000000	0000	0000000000	0000										45	04.08.2026	1				0				000000000000000000	1003								0		0	00000000	
ROW167|700	003004341733	0001	E		000	00000000					000000	0000		0	45	43	0	TO	TO	000000000015000177	0	0			04.08.2026		000000000000	0.0	X	0.0		X			1003	FRNC	1	1	0			FG01			1003	40	ZPFG	04.08.2026	04.08.2026	1					132,073.64		9004899114			1008		000000000000000000		0000000000	0000	0000000000	0000										45	04.08.2026	1				0				000000000000000000	1003								0		0	00000000	
ROW168|700	003004341735	0001	E		000	00000000					000000	0000		0	45	44	0	TO	TO	000000000015000177	0	0			04.08.2026		000000000000	0.0	X	0.0		X			1003	FRNC	1	1	0			FG01			1003	40	ZPFG	04.08.2026	04.08.2026	1					135,145.12		9004899116			1008		000000000000000000		0000000000	0000	0000000000	0000										45	04.08.2026	1				0				000000000000000000	1003								0		0	00000000	
ROW169|700	003004341736	0001	E		000	00000000					000000	0000		0	45	44	0	TO	TO	000000000015000177	0	0			04.08.2026		000000000000	0.0	X	0.0		X			1003	FRNC	1	1	0			FG01			1003	40	ZPFG	04.08.2026	04.08.2026	1					135,145.12		9004899117			1008		000000000000000000		0000000000	0000	0000000000	0000										45	04.08.2026	1				0				000000000000000000	1003								0		0	00000000	
ROW170|700	003004341737	0001	E		000	00000000					000000	0000		0	42	42	0	TO	TO	000000000015000177	0	0			04.08.2026		000000000000	0.0	X	0.0		X			1003	FRNC	1	1	0	X		FG01			1003	40	ZPFG	04.08.2026	04.08.2026	1					129,002.16		9004899118			1008		000000000000000000		0000000000	0000	0000000000	0000										42	04.08.2026	1				0				000000000000000000	1003								0		0	00000000	
ROW171|700	003004341738	0001	E		000	00000000					000000	0000		0	42	42	0	TO	TO	000000000015000177	0	0			04.08.2026		000000000000	0.0	X	0.0		X			1003	FRNC	1	1	0	X		FG01			1003	40	ZPFG	04.08.2026	04.08.2026	1					129,002.16		9004899119			1008		000000000000000000		0000000000	0000	0000000000	0000										42	04.08.2026	1				0				000000000000000000	1003								0		0	00000000	
ROW172|700	003004341750	0001	E		000	00000000					000000	0000		0	45	0	0	TO	TO	000000000015000177	0	0					000000000000	0.0	X	0.0		X			1003	FRNC	1	1	0			FG01			1003	40	ZPFG	04.08.2026	04.08.2026	1					0.00		9004899151			1008		000000000000000000		0000000000	0000	0000000000	0000										45	04.08.2026	1				0				000000000000000000	1003								0		0	00000000	
ROW173|700	003004341752	0001	E		000	00000000					000000	0000		0	45	43	0	TO	TO	000000000015000177	0	0			05.08.2026		000000000000	0.0	X	0.0		X			1003	FRNC	1	1	0			FG01			1003	40	ZPFG	04.08.2026	04.08.2026	1					132,073.64		9004899153			1008		000000000000000000		0000000000	0000	0000000000	0000										45	04.08.2026	1				0				000000000000000000	1003								0		0	00000000	
ROW174|700	003004341753	0001	E		000	00000000					000000	0000		0	44	44	0	TO	TO	000000000015000177	0	0			04.08.2026		000000000000	0.0	X	0.0		X			1003	FRNC	1	1	0	X		FG01			1003	40	ZPFG	04.08.2026	04.08.2026	1					135,145.12		9004899154			1008		000000000000000000		0000000000	0000	0000000000	0000										44	04.08.2026	1				0				000000000000000000	1003								0		0	00000000	
ROW175|700	003004341831	0001	E		000	00000000					000000	0000		0	42	42	0	TO	TO	000000000015000177	0	0			04.08.2026		000000000000	0.0	X	0.0		X			1003	FRNC	1	1	0	X		FG01			1003	40	ZPFG	04.08.2026	04.08.2026	1					129,002.16		9004899276			1008		000000000000000000		0000000000	0000	0000000000	0000										42	04.08.2026	1				0				000000000000000000	1003								0		0	00000000	
ROW176|700	003004341842	0001	E		000	00000000					000000	0000		0	40	40	0	TO	TO	000000000015000177	0	0			04.08.2026		000000000000	0.0	X	0.0		X			1004	FNWL	1	1	0	X		FG01			1004	40	ZPFG	04.08.2026	04.08.2026	1					111,625.20		9004899297			1008		000000000000000000		0000000000	0000	0000000000	0000										40	04.08.2026	1				0				000000000000000000	1004								0		0	00000000	
ROW177|700	003004341848	0001	E		000	00000000					000000	0000		0	45	42	0	TO	TO	000000000015000177	0	0			05.08.2026		000000000000	0.0	X	0.0		X			1014	FJWN	1	1	0			FG01			1014	40	ZPFG	04.08.2026	04.08.2026	1					130,316.76		9004899306			1008		000000000000000000		0000000000	0000	0000000000	0000										45	04.08.2026	1				0				000000000000000000	1014								0		0	00000000	
ROW178|700	003004341872	0001	E		000	00000000					000000	0000		0	50	50	0	TO	TO	000000000015000177	0	0			04.08.2026		000000000000	0.0	X	0.0		X			1004	FNWL	1	1	0	X		FG01			1004	40	ZPFG	04.08.2026	04.08.2026	1					139,531.50		9004899334			1008		000000000000000000		0000000000	0000	0000000000	0000										50	04.08.2026	1				0				000000000000000000	1004								0		0	00000000	
ROW179|700	003004342208	0001	E		000	00000000					000000	0000		0	45	45	0	TO	TO	000000000015000177	0	0			04.08.2026		000000000000	0.0	X	0.0		X			1003	FRNC	1	1	0	X		FG01			1003	40	ZPFG	04.08.2026	04.08.2026	1					138,216.60		9004899963			1008		000000000000000000		0000000000	0000	0000000000	0000										45	04.08.2026	1				0				000000000000000000	1003								0		0	00000000	
ROW180|700	003004342239	0001	E		000	00000000					000000	0000		0	50	50	0	TO	TO	000000000015000177	0	0			05.08.2026		000000000000	0.0	X	0.0		X			1304	FEGU	1	1	0	X		FG01			1304	40	ZPFG	04.08.2026	04.08.2026	1					213,669.00		9004900004			1309		000000000000000000		0000000000	0000	0000000000	0000										50	04.08.2026	1				0				000000000000000000	1304								0		0	00000000	
ROW181|700	003004342268	0001	E		000	00000000					000000	0000		0	42	0	0	TO	TO	000000000015000177	0	0					000000000000	0.0	X	0.0		X			1014	FJWN	1	1	0			FG01			1014	40	ZPFG	04.08.2026	04.08.2026	1					0.00		9004900058			1008		000000000000000000		0000000000	0000	0000000000	0000										42	04.08.2026	1				0				000000000000000000	1014								0		0	00000000	
ROW182|700	003004342303	0001	E		000	00000000					000000	0000		0	42	0	0	TO	TO	000000000015000177	0	0					000000000000	0.0	X	0.0		X			1014	FJWN	1	1	0			FG01			1014	40	ZPFG	04.08.2026	04.08.2026	1					0.00		9004900166			1008		000000000000000000		0000000000	0000	0000000000	0000										42	04.08.2026	1				0				000000000000000000	1014								0		0	00000000	
ROW183|700	003004342318	0001	E		000	00000000					000000	0000		0	40	40	0	TO	TO	000000000015000177	0	0			05.08.2026		000000000000	0.0	X	0.0		X			1010	FUPG	1	1	0	X		FG01			1010	40	ZPFG	04.08.2026	04.08.2026	1					145,436.40		9004900205			1009		000000000000000000		0000000000	0000	0000000000	0000										40	04.08.2026	1				0				000000000000000000	1010								0		0	00000000	
ROW184|700	003004342319	0001	E		000	00000000					000000	0000		0	40	40	0	TO	TO	000000000015000177	0	0			05.08.2026		000000000000	0.0	X	0.0		X			1010	FUPG	1	1	0	X		FG01			1010	40	ZPFG	04.08.2026	04.08.2026	1					145,436.40		9004900206			1009		000000000000000000		0000000000	0000	0000000000	0000										40	04.08.2026	1				0				000000000000000000	1010								0		0	00000000	
ROW185|700	003004342325	0001	E		000	00000000					000000	0000		0	42	0	0	TO	TO	000000000015000177	0	0					000000000000	0.0	X	0.0		X			1014	FJWN	1	1	0			FG01			1014	40	ZPFG	04.08.2026	04.08.2026	1					0.00		9004900216			1008		000000000000000000		0000000000	0000	0000000000	0000										42	04.08.2026	1				0				000000000000000000	1014								0		0	00000000	
ROW186|700	003004342326	0001	E		000	00000000					000000	0000		0	42	42	0	TO	TO	000000000015000177	0	0			05.08.2026		000000000000	0.0	X	0.0		X			1003	FRNC	1	1	0	X		FG01			1003	40	ZPFG	04.08.2026	04.08.2026	1					129,002.16		9004900218			1008		000000000000000000		0000000000	0000	0000000000	0000										42	04.08.2026	1				0				000000000000000000	1003								0		0	00000000	
ROW187|700	003004342327	0001	E		000	00000000					000000	0000		0	42	42	0	TO	TO	000000000015000177	0	0			04.08.2026		000000000000	0.0	X	0.0		X			1003	FRNC	1	1	0	X		FG01			1003	40	ZPFG	04.08.2026	04.08.2026	1					129,002.16		9004900219			1008		000000000000000000		0000000000	0000	0000000000	0000										42	04.08.2026	1				0				000000000000000000	1003								0		0	00000000	
ROW188|700	003004342328	0001	E		000	00000000					000000	0000		0	42	42	0	TO	TO	000000000015000177	0	0			04.08.2026		000000000000	0.0	X	0.0		X			1003	FRNC	1	1	0	X		FG01			1003	40	ZPFG	04.08.2026	04.08.2026	1					129,002.16		9004900220			1008		000000000000000000		0000000000	0000	0000000000	0000										42	04.08.2026	1				0				000000000000000000	1003								0		0	00000000	
ROW189|700	003004342329	0001	E		000	00000000					000000	0000		0	42	0	0	TO	TO	000000000015000177	0	0					000000000000	0.0	X	0.0		X			1014	FJWN	1	1	0			FG01			1014	40	ZPFG	04.08.2026	04.08.2026	1					0.00		9004900223			1008		000000000000000000		0000000000	0000	0000000000	0000										42	04.08.2026	1				0				000000000000000000	1014								0		0	00000000	
ROW190|700	003004342350	0001	E		000	00000000					000000	0000		0	45	45	0	TO	TO	000000000015000177	0	0			04.08.2026		000000000000	0.0	X	0.0		X			1003	FRNC	1	1	0	X		FG01			1003	40	ZPFG	04.08.2026	04.08.2026	1					138,216.60		9004900257			1008		000000000000000000		0000000000	0000	0000000000	0000										45	04.08.2026	1				0				000000000000000000	1003								0		0	00000000	
ROW191|700	003004342373	0001	E		000	00000000					000000	0000		0	42	0	0	TO	TO	000000000015000177	0	0					000000000000	0.0	X	0.0		X			1014	FJWN	1	1	0			FG01			1014	40	ZPFG	04.08.2026	04.08.2026	1					0.00		9004900305			1008		000000000000000000		0000000000	0000	0000000000	0000										42	04.08.2026	1				0				000000000000000000	1014								0		0	00000000	
ROW192|700	003004342397	0001	E		000	00000000					000000	0000		0	42	0	0	TO	TO	000000000015000177	0	0					000000000000	0.0	X	0.0		X			1014	FJWN	1	1	0			FG01			1014	40	ZPFG	04.08.2026	04.08.2026	1					0.00		9004900354			1008		000000000000000000		0000000000	0000	0000000000	0000										42	04.08.2026	1				0				000000000000000000	1014								0		0	00000000	
ROW193|700	003004342493	0001	E		000	00000000					000000	0000		0	45	45	0	TO	TO	000000000015000177	0	0			05.08.2026		000000000000	0.0	X	0.0		X			1014	FJWN	1	1	0	X		FG01			1014	40	ZPFG	04.08.2026	04.08.2026	1					139,625.10		9004900569			1008		000000000000000000		0000000000	0000	0000000000	0000										45	04.08.2026	1				0				000000000000000000	1014								0		0	00000000	
ROW194|700	003004342494	0001	E		000	00000000					000000	0000		0	45	45	0	TO	TO	000000000015000177	0	0			05.08.2026		000000000000	0.0	X	0.0		X			1014	FJWN	1	1	0	X		FG01			1014	40	ZPFG	04.08.2026	04.08.2026	1					139,625.10		9004900570			1008		000000000000000000		0000000000	0000	0000000000	0000										45	04.08.2026	1				0				000000000000000000	1014								0		0	00000000	
ROW195|700	003004342496	0001	E		000	00000000					000000	0000		0	38	38	0	TO	TO	000000000015000177	0	0			05.08.2026		000000000000	0.0	X	0.0		X			1014	FJWN	1	1	0	X		FG01			1014	40	ZPFG	04.08.2026	04.08.2026	1					117,905.64		9004900572			1008		000000000000000000		0000000000	0000	0000000000	0000										38	04.08.2026	1				0				000000000000000000	1014								0		0	00000000	
ROW196|700	003004342497	0001	E		000	00000000					000000	0000		0	38	42	0	TO	TO	000000000015000177	0	0			05.08.2026		000000000000	0.0	X	0.0		X			1014	FJWN	1	1	0	X		FG01			1014	40	ZPFG	04.08.2026	04.08.2026	1					130,316.76		9004900573			1008		000000000000000000		0000000000	0000	0000000000	0000										38	04.08.2026	1				0				000000000000000000	1014								0		0	00000000	
ROW197|700	003004342498	0001	E		000	00000000					000000	0000		0	38	42	0	TO	TO	000000000015000177	0	0			05.08.2026		000000000000	0.0	X	0.0		X			1014	FJWN	1	1	0	X		FG01			1014	40	ZPFG	04.08.2026	04.08.2026	1					130,316.76		9004900574			1008		000000000000000000		0000000000	0000	0000000000	0000										38	04.08.2026	1				0				000000000000000000	1014								0		0	00000000	
ROW198|700	003004342632	0001	E		000	00000000					000000	0000		0	25	0	0	TO	TO	000000000015000177	0	0					000000000000	0.0	X	0.0		X			1046	FNRC	1	1	0			FG01			1046	40	ZPFG	05.08.2026	05.08.2026	1					0.00		9004901123			1022		000000000000000000		0000000000	0000	0000000000	0000										25	05.08.2026	1				0				000000000000000000	1046								0		0	00000000	
ROW199|700	003004365836	0001	E		000	00000000					000000	0000		0	42	0	0	TO	TO	000000000015000177	0	0					000000000000	0.0	X	0.0		X			1000	FBWR	1	1	0			FG01			1000	40	ZPFG	18.09.2026	18.09.2026	1					0.00		9004953592			1008		000000000000000000		0000000000	0000	0000000000	0000										42	18.09.2026	1				0				000000000000000000	1000								0		0	00000000	
