SESSION|QS4/700 located at connection[0] session[0]|user=QNOVATE8
SELFIELD|ctxtI1-LOW=003004360000
SELFIELD|ctxtI1-HIGH=003004365835
SELFIELD|ctxtI3-LOW=000000000015000177
TABLE|AFPO
TITLE|Data Browser: Table AFPO Select Entries        200
SBAR|Selection restricted to 200 hits
ALV|rows=200|cols=100
HDR|MANDT	AUFNR	POSNR	PSOBS	QUNUM	QUPOS	PROJN	PLNUM	STRMP	ETRMP	KDAUF	KDPOS	KDEIN	BESKZ	PSAMG	PSMNG	WEMNG	IAMNG	AMEIN	MEINS	MATNR	PAMNG	PGMNG	KNTTP	TPAUF	LTRMI	LTRMP	KALNR	UEBTO	UEBTK	UNTTO	INSMK	WEPOS	BWTAR	BWTTY	PWERK	LGORT	UMREZ	UMREN	WEBAZ	ELIKZ	SAFNR	VERID	SERNR	TECHS	DWERK	DAUTY	DAUAT	DGLTP	DGLTS	DFREI	DNREL	VERTO	SOBKZ	KZVBR	WEWRT	WEUNB	ABLAD	WEMPF	CHARG	GSBER	WEAED	CUOBJ	KBNKZ	ARSNR	ARSPS	KRSNR	KRSPS	KCKEY	RTP01	RTP02	RTP03	RTP04	KSVON	KSBIS	OBJNP	NDISR	VFMNG	GSBTR	KZAVC	KZBWS	XLOEK	SERNP	ANZSN	OBJTYPE	CH_PROC	FXPRU	CUOBJ_ROOT	BERID	TECHS_COPY	SGT_SCAT	KUNNR2	FSH_SEASON_YEAR	FSH_SEASON	FSH_COLLECTION	FSH_THEME	FSH_SALLOC_QTY	MILL_OC_AUFNR_U	MILL_OC_RUMNG	MILL_OC_SORT	
ROW0|700	003004360055	0001	E		000	00000000					000000	0000		0	45	45	0	TO	TO	000000000015000177	0	0			09.08.2026		000000000000	0.0	X	0.0		X			1003	FRNC	1	1	0	X		FG01			1003	40	ZPFG	09.08.2026	09.08.2026	1					138,216.60		9004940138			1008		000000000000000000		0000000000	0000	0000000000	0000										45	09.08.2026	1				0				000000000000000000	1003								0		0	00000000	
ROW1|700	003004360119	0001	E		000	00000000					000000	0000		0	22	22	0	TO	TO	000000000015000177	0	0			09.08.2026		000000000000	0.0	X	0.0		X			1014	FJWN	1	1	0	X		FG01			1014	40	ZPFG	09.08.2026	09.08.2026	1					68,261.16		9004940264			1008		000000000000000000		0000000000	0000	0000000000	0000										22	09.08.2026	1				0				000000000000000000	1014								0		0	00000000	
ROW2|700	003004360120	0001	E		000	00000000					000000	0000		0	22	20	0	TO	TO	000000000015000177	0	0			09.08.2026		000000000000	0.0	X	0.0		X			1014	FJWN	1	1	0			FG01			1014	40	ZPFG	09.08.2026	09.08.2026	1					62,055.60		9004940265			1008		000000000000000000		0000000000	0000	0000000000	0000										22	09.08.2026	1				0				000000000000000000	1014								0		0	00000000	
ROW3|700	003004360124	0001	E		000	00000000					000000	0000		0	25	0	0	TO	TO	000000000015000177	0	0					000000000000	0.0	X	0.0		X			1014	FJWN	1	1	0			FG01			1014	40	ZPFG	09.08.2026	09.08.2026	1					0.00		9004940270			1008		000000000000000000		0000000000	0000	0000000000	0000										25	09.08.2026	1				0				000000000000000000	1014								0		0	00000000	
ROW4|700	003004360125	0001	E		000	00000000					000000	0000		0	25	0	0	TO	TO	000000000015000177	0	0					000000000000	0.0	X	0.0		X			1014	FJWN	1	1	0			FG01			1014	40	ZPFG	09.08.2026	09.08.2026	1					0.00		9004940272			1008		000000000000000000		0000000000	0000	0000000000	0000										25	09.08.2026	1				0				000000000000000000	1014								0		0	00000000	
ROW5|700	003004360128	0001	E		000	00000000					000000	0000		0	20	0	0	TO	TO	000000000015000177	0	0					000000000000	0.0	X	0.0		X			1014	FJWN	1	1	0			FG01			1014	40	ZPFG	09.08.2026	09.08.2026	1					0.00		9004940276			1008		000000000000000000		0000000000	0000	0000000000	0000										20	09.08.2026	1				0				000000000000000000	1014								0		0	00000000	
ROW6|700	003004360129	0001	E		000	00000000					000000	0000		0	20	0	0	TO	TO	000000000015000177	0	0					000000000000	0.0	X	0.0		X			1014	FJWN	1	1	0			FG01			1014	40	ZPFG	09.08.2026	09.08.2026	1					0.00		9004940278			1008		000000000000000000		0000000000	0000	0000000000	0000										20	09.08.2026	1				0				000000000000000000	1014								0		0	00000000	
ROW7|700	003004360132	0001	E		000	00000000					000000	0000		0	45	45	0	TO	TO	000000000015000177	0	0			10.08.2026		000000000000	0.0	X	0.0		X			1014	FJWN	1	1	0	X		FG01			1014	40	ZPFG	09.08.2026	09.08.2026	1					139,625.10		9004940282			1008		000000000000000000		0000000000	0000	0000000000	0000										45	09.08.2026	1				0				000000000000000000	1014								0		0	00000000	
ROW8|700	003004360134	0001	E		000	00000000					000000	0000		0	38	0	0	TO	TO	000000000015000177	0	0					000000000000	0.0	X	0.0		X			1014	FJWN	1	1	0			FG01			1014	40	ZPFG	09.08.2026	09.08.2026	1					0.00		9004940284			1008		000000000000000000		0000000000	0000	0000000000	0000										38	09.08.2026	1				0				000000000000000000	1014								0		0	00000000	
ROW9|700	003004360136	0001	E		000	00000000					000000	0000		0	20	20	0	TO	TO	000000000015000177	0	0			09.08.2026		000000000000	0.0	X	0.0		X			1014	FJWN	1	1	0	X		FG01			1014	40	ZPFG	09.08.2026	09.08.2026	1					62,055.60		9004940287			1008		000000000000000000		0000000000	0000	0000000000	0000										20	09.08.2026	1				0				000000000000000000	1014								0		0	00000000	
ROW10|700	003004360137	0001	E		000	00000000					000000	0000		0	20	20	0	TO	TO	000000000015000177	0	0			09.08.2026		000000000000	0.0	X	0.0		X			1014	FJWN	1	1	0	X		FG01			1014	40	ZPFG	09.08.2026	09.08.2026	1					62,055.60		9004940288			1008		000000000000000000		0000000000	0000	0000000000	0000										20	09.08.2026	1				0				000000000000000000	1014								0		0	00000000	
ROW11|700	003004360138	0001	E		000	00000000					000000	0000		0	25	0	0	TO	TO	000000000015000177	0	0					000000000000	0.0	X	0.0		X			1014	FJWN	1	1	0			FG01			1014	40	ZPFG	09.08.2026	09.08.2026	1					0.00		9004940289			1008		000000000000000000		0000000000	0000	0000000000	0000										25	09.08.2026	1				0				000000000000000000	1014								0		0	00000000	
ROW12|700	003004360139	0001	E		000	00000000					000000	0000		0	40	40	0	TO	TO	000000000015000177	0	0			10.08.2026		000000000000	0.0	X	0.0		X			1014	FJWN	1	1	0	X		FG01			1014	40	ZPFG	09.08.2026	09.08.2026	1					124,111.20		9004940290			1008		000000000000000000		0000000000	0000	0000000000	0000										40	09.08.2026	1				0				000000000000000000	1014								0		0	00000000	
ROW13|700	003004360141	0001	E		000	00000000					000000	0000		0	10	0	0	TO	TO	000000000015000177	0	0					000000000000	0.0	X	0.0		X			1014	FJWN	1	1	0			FG01			1014	40	ZPFG	09.08.2026	09.08.2026	1					0.00		9004940292			1008		000000000000000000		0000000000	0000	0000000000	0000										10	09.08.2026	1				0				000000000000000000	1014								0		0	00000000	
ROW14|700	003004360152	0001	E		000	00000000					000000	0000		0	45	45	0	TO	TO	000000000015000177	0	0			10.08.2026		000000000000	0.0	X	0.0		X			1014	FJWN	1	1	0	X		FG01			1014	40	ZPFG	09.08.2026	09.08.2026	1					139,625.10		9004940303			1008		000000000000000000		0000000000	0000	0000000000	0000										45	09.08.2026	1				0				000000000000000000	1014								0		0	00000000	
ROW15|700	003004360153	0001	E		000	00000000					000000	0000		0	45	45	0	TO	TO	000000000015000177	0	0			10.08.2026		000000000000	0.0	X	0.0		X			1014	FJWN	1	1	0	X		FG01			1014	40	ZPFG	09.08.2026	09.08.2026	1					139,625.10		9004940304			1008		000000000000000000		0000000000	0000	0000000000	0000										45	09.08.2026	1				0				000000000000000000	1014								0		0	00000000	
ROW16|700	003004360155	0001	E		000	00000000					000000	0000		0	45	45	0	TO	TO	000000000015000177	0	0			10.08.2026		000000000000	0.0	X	0.0		X			1014	FJWN	1	1	0	X		FG01			1014	40	ZPFG	09.08.2026	09.08.2026	1					139,625.10		9004940306			1008		000000000000000000		0000000000	0000	0000000000	0000										45	09.08.2026	1				0				000000000000000000	1014								0		0	00000000	
ROW17|700	003004360156	0001	E		000	00000000					000000	0000		0	45	45	0	TO	TO	000000000015000177	0	0			10.08.2026		000000000000	0.0	X	0.0		X			1014	FJWN	1	1	0	X		FG01			1014	40	ZPFG	09.08.2026	09.08.2026	1					139,625.10		9004940307			1008		000000000000000000		0000000000	0000	0000000000	0000										45	09.08.2026	1				0				000000000000000000	1014								0		0	00000000	
ROW18|700	003004360161	0001	E		000	00000000					000000	0000		0	38	38	0	TO	TO	000000000015000177	0	0			09.08.2026		000000000000	0.0	X	0.0		X			1014	FJWN	1	1	0	X		FG01			1014	40	ZPFG	09.08.2026	09.08.2026	1					117,905.64		9004940312			1008		000000000000000000		0000000000	0000	0000000000	0000										38	09.08.2026	1				0				000000000000000000	1014								0		0	00000000	
ROW19|700	003004360260	0001	E		000	00000000					000000	0000		0	45	45	0	TO	TO	000000000015000177	0	0			10.08.2026		000000000000	0.0	X	0.0		X			1004	FNWL	1	1	0	X		FG01			1004	40	ZPFG	09.08.2026	09.08.2026	1					125,578.35		9004940585			1008		000000000000000000		0000000000	0000	0000000000	0000										45	09.08.2026	1				0				000000000000000000	1004								0		0	00000000	
ROW20|700	003004360269	0001	E		000	00000000					000000	0000		0	35	35	0	TO	TO	000000000015000177	0	0			10.08.2026		000000000000	0.0	X	0.0		X			1046	FNRC	1	1	0	X		FG01			1046	40	ZPFG	09.08.2026	09.08.2026	1					97,008.80		9004940608			1022		000000000000000000		0000000000	0000	0000000000	0000										35	09.08.2026	1				0				000000000000000000	1046								0		0	00000000	
ROW21|700	003004360283	0001	E		000	00000000					000000	0000		0	35	35	0	TO	TO	000000000015000177	0	0			10.08.2026		000000000000	0.0	X	0.0		X			1046	FNRC	1	1	0	X		FG01			1046	40	ZPFG	09.08.2026	09.08.2026	1					97,008.80		9004940643			1022		000000000000000000		0000000000	0000	0000000000	0000										35	09.08.2026	1				0				000000000000000000	1046								0		0	00000000	
ROW22|700	003004360300	0001	E		000	00000000					000000	0000		0	35	65	0	TO	TO	000000000015000177	0	0			10.08.2026		000000000000	0.0	X	0.0		X			1004	FNWL	1	1	0	X		FG01			1004	40	ZPFG	09.08.2026	09.08.2026	1					181,390.95		9004940671			1008		000000000000000000		0000000000	0000	0000000000	0000										35	09.08.2026	1				0				000000000000000000	1004								0		0	00000000	
ROW23|700	003004360307	0001	E		000	00000000					000000	0000		0	50	0	0	TO	TO	000000000015000177	0	0					000000000000	0.0	X	0.0		X			1004	FNWL	1	1	0			FG01			1004	40	ZPFG	09.08.2026	09.08.2026	1					0.00		9004940681			1008		000000000000000000		0000000000	0000	0000000000	0000										50	09.08.2026	1				0				000000000000000000	1004								0		0	00000000	
ROW24|700	003004360309	0001	E		000	00000000					000000	0000		0	45	42	0	TO	TO	000000000015000177	0	0			10.08.2026		000000000000	0.0	X	0.0		X			1014	FJWN	1	1	0			FG01			1014	40	ZPFG	09.08.2026	09.08.2026	1					130,316.76		9004940683			1008		000000000000000000		0000000000	0000	0000000000	0000										45	09.08.2026	1				0				000000000000000000	1014								0		0	00000000	
ROW25|700	003004360310	0001	E		000	00000000					000000	0000		0	45	42	0	TO	TO	000000000015000177	0	0			10.08.2026		000000000000	0.0	X	0.0		X			1014	FJWN	1	1	0			FG01			1014	40	ZPFG	09.08.2026	09.08.2026	1					130,316.76		9004940684			1008		000000000000000000		0000000000	0000	0000000000	0000										45	09.08.2026	1				0				000000000000000000	1014								0		0	00000000	
ROW26|700	003004360313	0001	E		000	00000000					000000	0000		0	25	25	0	TO	TO	000000000015000177	0	0			09.08.2026		000000000000	0.0	X	0.0		X			1014	FJWN	1	1	0	X		FG01			1014	40	ZPFG	09.08.2026	09.08.2026	1					77,569.50		9004940688			1008		000000000000000000		0000000000	0000	0000000000	0000										25	09.08.2026	1				0				000000000000000000	1014								0		0	00000000	
ROW27|700	003004360340	0001	E		000	00000000					000000	0000		0	42	42	0	TO	TO	000000000015000177	0	0			09.08.2026		000000000000	0.0	X	0.0		X			1003	FRNC	1	1	0	X		FG01			1003	40	ZPFG	09.08.2026	09.08.2026	1					129,002.16		9004940741			1008		000000000000000000		0000000000	0000	0000000000	0000										42	09.08.2026	1				0				000000000000000000	1003								0		0	00000000	
ROW28|700	003004360389	0001	E		000	00000000					000000	0000		0	25	25	0	TO	TO	000000000015000177	0	0			10.08.2026		000000000000	0.0	X	0.0		X			1004	FNWL	1	1	0	X		FG01			1004	40	ZPFG	09.08.2026	09.08.2026	1					69,765.75		9004940908			1008		000000000000000000		0000000000	0000	0000000000	0000										25	09.08.2026	1				0				000000000000000000	1004								0		0	00000000	
ROW29|700	003004360390	0001	E		000	00000000					000000	0000		0	47.100	47.100	0	TO	TO	000000000015000177	0	0			10.08.2026		000000000000	0.0	X	0.0		X			1004	FNWL	1	1	0	X		FG01			1004	40	ZPFG	09.08.2026	09.08.2026	1					131,438.67		9004940909			1008		000000000000000000		0000000000	0000	0000000000	0000										47.100	09.08.2026	1				0				000000000000000000	1004								0		0	00000000	
ROW30|700	003004360392	0001	E		000	00000000					000000	0000		0	42	45	0	TO	TO	000000000015000177	0	0			09.08.2026		000000000000	0.0	X	0.0		X			1003	FRNC	1	1	0	X		FG01			1003	40	ZPFG	09.08.2026	09.08.2026	1					138,216.60		9004940917			1008		000000000000000000		0000000000	0000	0000000000	0000										42	09.08.2026	1				0				000000000000000000	1003								0		0	00000000	
ROW31|700	003004360397	0001	E		000	00000000					000000	0000		0	43	42	0	TO	TO	000000000015000177	0	0			09.08.2026		000000000000	0.0	X	0.0		X			1003	FRNC	1	1	0			FG01			1003	40	ZPFG	09.08.2026	09.08.2026	1					129,002.16		9004940934			1008		000000000000000000		0000000000	0000	0000000000	0000										43	09.08.2026	1				0				000000000000000000	1003								0		0	00000000	
ROW32|700	003004360398	0001	E		000	00000000					000000	0000		0	43	42	0	TO	TO	000000000015000177	0	0			09.08.2026		000000000000	0.0	X	0.0		X			1003	FRNC	1	1	0			FG01			1003	40	ZPFG	09.08.2026	09.08.2026	1					129,002.16		9004940935			1008		000000000000000000		0000000000	0000	0000000000	0000										43	09.08.2026	1				0				000000000000000000	1003								0		0	00000000	
ROW33|700	003004360431	0001	E		000	00000000					000000	0000		0	42	42	0	TO	TO	000000000015000177	0	0			09.08.2026		000000000000	0.0	X	0.0		X			1003	FRNC	1	1	0	X		FG01			1003	40	ZPFG	09.08.2026	09.08.2026	1					129,002.16		9004941014			1008		000000000000000000		0000000000	0000	0000000000	0000										42	09.08.2026	1				0				000000000000000000	1003								0		0	00000000	
ROW34|700	003004360433	0001	E		000	00000000					000000	0000		0	42	42	0	TO	TO	000000000015000177	0	0			09.08.2026		000000000000	0.0	X	0.0		X			1003	FRNC	1	1	0	X		FG01			1003	40	ZPFG	09.08.2026	09.08.2026	1					129,002.16		9004941016			1008		000000000000000000		0000000000	0000	0000000000	0000										42	09.08.2026	1				0				000000000000000000	1003								0		0	00000000	
ROW35|700	003004360438	0001	E		000	00000000					000000	0000		0	42	45	0	TO	TO	000000000015000177	0	0			09.08.2026		000000000000	0.0	X	0.0		X			1003	FRNC	1	1	0	X		FG01			1003	40	ZPFG	09.08.2026	09.08.2026	1					138,216.60		9004941029			1008		000000000000000000		0000000000	0000	0000000000	0000										42	09.08.2026	1				0				000000000000000000	1003								0		0	00000000	
ROW36|700	003004360439	0001	E		000	00000000					000000	0000		0	42	45	0	TO	TO	000000000015000177	0	0			09.08.2026		000000000000	0.0	X	0.0		X			1003	FRNC	1	1	0	X		FG01			1003	40	ZPFG	09.08.2026	09.08.2026	1					138,216.60		9004941030			1008		000000000000000000		0000000000	0000	0000000000	0000										42	09.08.2026	1				0				000000000000000000	1003								0		0	00000000	
ROW37|700	003004360440	0001	E		000	00000000					000000	0000		0	42	45	0	TO	TO	000000000015000177	0	0			09.08.2026		000000000000	0.0	X	0.0		X			1003	FRNC	1	1	0	X		FG01			1003	40	ZPFG	09.08.2026	09.08.2026	1					138,216.60		9004941031			1008		000000000000000000		0000000000	0000	0000000000	0000										42	09.08.2026	1				0				000000000000000000	1003								0		0	00000000	
ROW38|700	003004360477	0001	E		000	00000000					000000	0000		0	45	44	0	TO	TO	000000000015000177	0	0			09.08.2026		000000000000	0.0	X	0.0		X			1003	FRNC	1	1	0			FG01			1003	40	ZPFG	09.08.2026	09.08.2026	1					135,145.12		9004941099			1008		000000000000000000		0000000000	0000	0000000000	0000										45	09.08.2026	1				0				000000000000000000	1003								0		0	00000000	
ROW39|700	003004360478	0001	E		000	00000000					000000	0000		0	45	45	0	TO	TO	000000000015000177	0	0			09.08.2026		000000000000	0.0	X	0.0		X			1003	FRNC	1	1	0	X		FG01			1003	40	ZPFG	09.08.2026	09.08.2026	1					138,216.60		9004941101			1008		000000000000000000		0000000000	0000	0000000000	0000										45	09.08.2026	1				0				000000000000000000	1003								0		0	00000000	
ROW40|700	003004360484	0001	E		000	00000000					000000	0000		0	45	45	0	TO	TO	000000000015000177	0	0			09.08.2026		000000000000	0.0	X	0.0		X			1003	FRNC	1	1	0	X		FG01			1003	40	ZPFG	09.08.2026	09.08.2026	1					138,216.60		9004941113			1008		000000000000000000		0000000000	0000	0000000000	0000										45	09.08.2026	1				0				000000000000000000	1003								0		0	00000000	
ROW41|700	003004360485	0001	E		000	00000000					000000	0000		0	42	45	0	TO	TO	000000000015000177	0	0			09.08.2026		000000000000	0.0	X	0.0		X			1003	FRNC	1	1	0	X		FG01			1003	40	ZPFG	09.08.2026	09.08.2026	1					138,216.60		9004941114			1008		000000000000000000		0000000000	0000	0000000000	0000										42	09.08.2026	1				0				000000000000000000	1003								0		0	00000000	
ROW42|700	003004360506	0001	E		000	00000000					000000	0000		0	20	0	0	TO	TO	000000000015000177	0	0					000000000000	0.0	X	0.0		X			1014	FJWN	1	1	0			FG01			1014	40	ZPFG	09.08.2026	09.08.2026	1					0.00		9004941168			1008		000000000000000000		0000000000	0000	0000000000	0000										20	09.08.2026	1				0				000000000000000000	1014								0		0	00000000	
ROW43|700	003004360507	0001	E		000	00000000					000000	0000		0	20	0	0	TO	TO	000000000015000177	0	0					000000000000	0.0	X	0.0		X			1014	FJWN	1	1	0			FG01			1014	40	ZPFG	09.08.2026	09.08.2026	1					0.00		9004941169			1008		000000000000000000		0000000000	0000	0000000000	0000										20	09.08.2026	1				0				000000000000000000	1014								0		0	00000000	
ROW44|700	003004360508	0001	E		000	00000000					000000	0000		0	25	0	0	TO	TO	000000000015000177	0	0					000000000000	0.0	X	0.0		X			1014	FJWN	1	1	0			FG01			1014	40	ZPFG	09.08.2026	09.08.2026	1					0.00		9004941170			1008		000000000000000000		0000000000	0000	0000000000	0000										25	09.08.2026	1				0				000000000000000000	1014								0		0	00000000	
ROW45|700	003004360509	0001	E		000	00000000					000000	0000		0	25	0	0	TO	TO	000000000015000177	0	0					000000000000	0.0	X	0.0		X			1014	FJWN	1	1	0			FG01			1014	40	ZPFG	09.08.2026	09.08.2026	1					0.00		9004941171			1008		000000000000000000		0000000000	0000	0000000000	0000										25	09.08.2026	1				0				000000000000000000	1014								0		0	00000000	
ROW46|700	003004360514	0001	E		000	00000000					000000	0000		0	42	42	0	TO	TO	000000000015000177	0	0			09.08.2026		000000000000	0.0	X	0.0		X			1014	FJWN	1	1	0	X		FG01			1014	40	ZPFG	09.08.2026	09.08.2026	1					130,316.76		9004941176			1008		000000000000000000		0000000000	0000	0000000000	0000										42	09.08.2026	1				0				000000000000000000	1014								0		0	00000000	
ROW47|700	003004360515	0001	E		000	00000000					000000	0000		0	42	42	0	TO	TO	000000000015000177	0	0			10.08.2026		000000000000	0.0	X	0.0		X			1014	FJWN	1	1	0	X		FG01			1014	40	ZPFG	09.08.2026	09.08.2026	1					130,316.76		9004941177			1008		000000000000000000		0000000000	0000	0000000000	0000										42	09.08.2026	1				0				000000000000000000	1014								0		0	00000000	
ROW48|700	003004360516	0001	E		000	00000000					000000	0000		0	20	0	0	TO	TO	000000000015000177	0	0					000000000000	0.0	X	0.0		X			1014	FJWN	1	1	0			FG01			1014	40	ZPFG	09.08.2026	09.08.2026	1					0.00		9004941178			1008		000000000000000000		0000000000	0000	0000000000	0000										20	09.08.2026	1				0				000000000000000000	1014								0		0	00000000	
ROW49|700	003004360519	0001	E		000	00000000					000000	0000		0	25	0	0	TO	TO	000000000015000177	0	0					000000000000	0.0	X	0.0		X			1014	FJWN	1	1	0			FG01			1014	40	ZPFG	09.08.2026	09.08.2026	1					0.00		9004941182			1008		000000000000000000		0000000000	0000	0000000000	0000										25	09.08.2026	1				0				000000000000000000	1014								0		0	00000000	
ROW50|700	003004360520	0001	E		000	00000000					000000	0000		0	20	0	0	TO	TO	000000000015000177	0	0					000000000000	0.0	X	0.0		X			1014	FJWN	1	1	0			FG01			1014	40	ZPFG	09.08.2026	09.08.2026	1					0.00		9004941184			1008		000000000000000000		0000000000	0000	0000000000	0000										20	09.08.2026	1				0				000000000000000000	1014								0		0	00000000	
ROW51|700	003004360522	0001	E		000	00000000					000000	0000		0	20	0	0	TO	TO	000000000015000177	0	0					000000000000	0.0	X	0.0		X			1014	FJWN	1	1	0			FG01			1014	40	ZPFG	09.08.2026	09.08.2026	1					0.00		9004941186			1008		000000000000000000		0000000000	0000	0000000000	0000										20	09.08.2026	1				0				000000000000000000	1014								0		0	00000000	
ROW52|700	003004360523	0001	E		000	00000000					000000	0000		0	20	0	0	TO	TO	000000000015000177	0	0					000000000000	0.0	X	0.0		X			1014	FJWN	1	1	0			FG01			1014	40	ZPFG	09.08.2026	09.08.2026	1					0.00		9004941187			1008		000000000000000000		0000000000	0000	0000000000	0000										20	09.08.2026	1				0				000000000000000000	1014								0		0	00000000	
ROW53|700	003004360539	0001	E		000	00000000					000000	0000		0	20	0	0	TO	TO	000000000015000177	0	0					000000000000	0.0	X	0.0		X			1014	FJWN	1	1	0			FG01			1014	40	ZPFG	09.08.2026	09.08.2026	1					0.00		9004941227			1008		000000000000000000		0000000000	0000	0000000000	0000										20	09.08.2026	1				0				000000000000000000	1014								0		0	00000000	
ROW54|700	003004360540	0001	E		000	00000000					000000	0000		0	10	0	0	TO	TO	000000000015000177	0	0					000000000000	0.0	X	0.0		X			1014	FJWN	1	1	0			FG01			1014	40	ZPFG	09.08.2026	09.08.2026	1					0.00		9004941228			1008		000000000000000000		0000000000	0000	0000000000	0000										10	09.08.2026	1				0				000000000000000000	1014								0		0	00000000	
ROW55|700	003004360541	0001	E		000	00000000					000000	0000		0	13	0	0	TO	TO	000000000015000177	0	0					000000000000	0.0	X	0.0		X			1014	FJWN	1	1	0			FG01			1014	40	ZPFG	09.08.2026	09.08.2026	1					0.00		9004941229			1008		000000000000000000		0000000000	0000	0000000000	0000										13	09.08.2026	1				0				000000000000000000	1014								0		0	00000000	
ROW56|700	003004360563	0001	E		000	00000000					000000	0000		0	40	20	0	TO	TO	000000000015000177	0	0			10.08.2026		000000000000	0.0	X	0.0		X			1003	FRNC	1	1	0			FG01			1003	40	ZPFG	09.08.2026	09.08.2026	1					61,429.60		9004941284			1008		000000000000000000		0000000000	0000	0000000000	0000										40	09.08.2026	1				0				000000000000000000	1003								0		0	00000000	
ROW57|700	003004360564	0001	E		000	00000000					000000	0000		0	40	20	0	TO	TO	000000000015000177	0	0			10.08.2026		000000000000	0.0	X	0.0		X			1003	FRNC	1	1	0			FG01			1003	40	ZPFG	09.08.2026	09.08.2026	1					61,429.60		9004941285			1008		000000000000000000		0000000000	0000	0000000000	0000										40	09.08.2026	1				0				000000000000000000	1003								0		0	00000000	
ROW58|700	003004360565	0001	E		000	00000000					000000	0000		0	40	20	0	TO	TO	000000000015000177	0	0			09.08.2026		000000000000	0.0	X	0.0		X			1003	FRNC	1	1	0			FG01			1003	40	ZPFG	09.08.2026	09.08.2026	1					61,429.60		9004941286			1008		000000000000000000		0000000000	0000	0000000000	0000										40	09.08.2026	1				0				000000000000000000	1003								0		0	00000000	
ROW59|700	003004360566	0001	E		000	00000000					000000	0000		0	40	20	0	TO	TO	000000000015000177	0	0			10.08.2026		000000000000	0.0	X	0.0		X			1003	FRNC	1	1	0			FG01			1003	40	ZPFG	09.08.2026	09.08.2026	1					61,429.60		9004941287			1008		000000000000000000		0000000000	0000	0000000000	0000										40	09.08.2026	1				0				000000000000000000	1003								0		0	00000000	
ROW60|700	003004360567	0001	E		000	00000000					000000	0000		0	40	20	0	TO	TO	000000000015000177	0	0			10.08.2026		000000000000	0.0	X	0.0		X			1003	FRNC	1	1	0			FG01			1003	40	ZPFG	09.08.2026	09.08.2026	1					61,429.60		9004941288			1008		000000000000000000		0000000000	0000	0000000000	0000										40	09.08.2026	1				0				000000000000000000	1003								0		0	00000000	
ROW61|700	003004360570	0001	E		000	00000000					000000	0000		0	45	45	0	TO	TO	000000000015000177	0	0			09.08.2026		000000000000	0.0	X	0.0		X			1003	FRNC	1	1	0	X		FG01			1003	40	ZPFG	09.08.2026	09.08.2026	1					138,216.60		9004941302			1008		000000000000000000		0000000000	0000	0000000000	0000										45	09.08.2026	1				0				000000000000000000	1003								0		0	00000000	
ROW62|700	003004360595	0001	E		000	00000000					000000	0000		0	45	0	0	TO	TO	000000000015000177	0	0					000000000000	0.0	X	0.0		X			1004	FNWL	1	1	0			FG01			1004	40	ZPFG	09.08.2026	09.08.2026	1					0.00		9004941430			1008		000000000000000000		0000000000	0000	0000000000	0000										45	09.08.2026	1				0				000000000000000000	1004								0		0	00000000	
ROW63|700	003004360638	0001	E		000	00000000					000000	0000		0	1	42	0	TO	TO	000000000015000177	0	0			09.08.2026		000000000000	0.0	X	0.0		X			1003	FRNC	1	1	0	X		FG01			1003	40	ZPFG	09.08.2026	09.08.2026	1					129,002.16		9004941573			1008		000000000000000000		0000000000	0000	0000000000	0000										1	09.08.2026	1				0				000000000000000000	1003								0		0	00000000	
ROW64|700	003004360671	0001	E		000	00000000					000000	0000		0	45	45	0	TO	TO	000000000015000177	0	0			09.08.2026		000000000000	0.0	X	0.0		X			1003	FRNC	1	1	0	X		FG01			1003	40	ZPFG	09.08.2026	09.08.2026	1					138,216.60		9004941661			1008		000000000000000000		0000000000	0000	0000000000	0000										45	09.08.2026	1				0				000000000000000000	1003								0		0	00000000	
ROW65|700	003004360678	0001	E		000	00000000					000000	0000		0	45	45	0	TO	TO	000000000015000177	0	0			09.08.2026		000000000000	0.0	X	0.0		X			1006	FJGU	1	1	0	X		FG01			1006	40	ZPFG	09.08.2026	09.08.2026	1					161,490.15		9004941677			1008		000000000000000000		0000000000	0000	0000000000	0000										45	09.08.2026	1				0				000000000000000000	1006								0		0	00000000	
ROW66|700	003004360681	0001	E		000	00000000					000000	0000		0	40	40	0	TO	TO	000000000015000177	0	0			09.08.2026		000000000000	0.0	X	0.0		X			1006	FJGU	1	1	0	X		FG01			1006	40	ZPFG	09.08.2026	09.08.2026	1					143,546.80		9004941680			1008		000000000000000000		0000000000	0000	0000000000	0000										40	09.08.2026	1				0				000000000000000000	1006								0		0	00000000	
ROW67|700	003004360709	0001	E		000	00000000					000000	0000		0	25	25	0	TO	TO	000000000015000177	0	0			09.08.2026		000000000000	0.0	X	0.0		X			1003	FRNC	1	1	0	X		FG01			1003	40	ZPFG	09.08.2026	09.08.2026	1					76,787.00		9004941773			1008		000000000000000000		0000000000	0000	0000000000	0000										25	09.08.2026	1				0				000000000000000000	1003								0		0	00000000	
ROW68|700	003004360710	0001	E		000	00000000					000000	0000		0	20	20	0	TO	TO	000000000015000177	0	0			09.08.2026		000000000000	0.0	X	0.0		X			1003	FRNC	1	1	0	X		FG01			1003	40	ZPFG	09.08.2026	09.08.2026	1					61,429.60		9004941774			1008		000000000000000000		0000000000	0000	0000000000	0000										20	09.08.2026	1				0				000000000000000000	1003								0		0	00000000	
ROW69|700	003004360711	0001	E		000	00000000					000000	0000		0	20	20	0	TO	TO	000000000015000177	0	0			09.08.2026		000000000000	0.0	X	0.0		X			1003	FRNC	1	1	0	X		FG01			1003	40	ZPFG	09.08.2026	09.08.2026	1					61,429.60		9004941776			1008		000000000000000000		0000000000	0000	0000000000	0000										20	09.08.2026	1				0				000000000000000000	1003								0		0	00000000	
ROW70|700	003004360712	0001	E		000	00000000					000000	0000		0	20	20	0	TO	TO	000000000015000177	0	0			09.08.2026		000000000000	0.0	X	0.0		X			1003	FRNC	1	1	0	X		FG01			1003	40	ZPFG	09.08.2026	09.08.2026	1					61,429.60		9004941777			1008		000000000000000000		0000000000	0000	0000000000	0000										20	09.08.2026	1				0				000000000000000000	1003								0		0	00000000	
ROW71|700	003004360713	0001	E		000	00000000					000000	0000		0	25	25	0	TO	TO	000000000015000177	0	0			09.08.2026		000000000000	0.0	X	0.0		X			1003	FRNC	1	1	0	X		FG01			1003	40	ZPFG	09.08.2026	09.08.2026	1					76,787.00		9004941778			1008		000000000000000000		0000000000	0000	0000000000	0000										25	09.08.2026	1				0				000000000000000000	1003								0		0	00000000	
ROW72|700	003004360714	0001	E		000	00000000					000000	0000		0	20	20	0	TO	TO	000000000015000177	0	0			09.08.2026		000000000000	0.0	X	0.0		X			1003	FRNC	1	1	0	X		FG01			1003	40	ZPFG	09.08.2026	09.08.2026	1					61,429.60		9004941779			1008		000000000000000000		0000000000	0000	0000000000	0000										20	09.08.2026	1				0				000000000000000000	1003								0		0	00000000	
ROW73|700	003004360715	0001	E		000	00000000					000000	0000		0	20	20	0	TO	TO	000000000015000177	0	0			10.08.2026		000000000000	0.0	X	0.0		X			1003	FRNC	1	1	0	X		FG01			1003	40	ZPFG	09.08.2026	09.08.2026	1					61,429.60		9004941780			1008		000000000000000000		0000000000	0000	0000000000	0000										20	09.08.2026	1				0				000000000000000000	1003								0		0	00000000	
ROW74|700	003004360716	0001	E		000	00000000					000000	0000		0	20	20	0	TO	TO	000000000015000177	0	0			09.08.2026		000000000000	0.0	X	0.0		X			1003	FRNC	1	1	0	X		FG01			1003	40	ZPFG	09.08.2026	09.08.2026	1					61,429.60		9004941781			1008		000000000000000000		0000000000	0000	0000000000	0000										20	09.08.2026	1				0				000000000000000000	1003								0		0	00000000	
ROW75|700	003004360718	0001	E		000	00000000					000000	0000		0	45	45	0	TO	TO	000000000015000177	0	0			09.08.2026		000000000000	0.0	X	0.0		X			1003	FRNC	1	1	0	X		FG01			1003	40	ZPFG	09.08.2026	09.08.2026	1					138,216.60		9004941794			1008		000000000000000000		0000000000	0000	0000000000	0000										45	09.08.2026	1				0				000000000000000000	1003								0		0	00000000	
ROW76|700	003004360719	0001	E		000	00000000					000000	0000		0	45	45	0	TO	TO	000000000015000177	0	0			09.08.2026		000000000000	0.0	X	0.0		X			1003	FRNC	1	1	0	X		FG01			1003	40	ZPFG	09.08.2026	09.08.2026	1					138,216.60		9004941795			1008		000000000000000000		0000000000	0000	0000000000	0000										45	09.08.2026	1				0				000000000000000000	1003								0		0	00000000	
ROW77|700	003004360720	0001	E		000	00000000					000000	0000		0	45	45	0	TO	TO	000000000015000177	0	0			09.08.2026		000000000000	0.0	X	0.0		X			1003	FRNC	1	1	0	X		FG01			1003	40	ZPFG	09.08.2026	09.08.2026	1					138,216.60		9004941796			1008		000000000000000000		0000000000	0000	0000000000	0000										45	09.08.2026	1				0				000000000000000000	1003								0		0	00000000	
ROW78|700	003004360722	0001	E		000	00000000					000000	0000		0	45	45	0	TO	TO	000000000015000177	0	0			09.08.2026		000000000000	0.0	X	0.0		X			1003	FRNC	1	1	0	X		FG01			1003	40	ZPFG	09.08.2026	09.08.2026	1					138,216.60		9004941798			1008		000000000000000000		0000000000	0000	0000000000	0000										45	09.08.2026	1				0				000000000000000000	1003								0		0	00000000	
ROW79|700	003004360724	0001	E		000	00000000					000000	0000		0	45	45	0	TO	TO	000000000015000177	0	0			09.08.2026		000000000000	0.0	X	0.0		X			1003	FRNC	1	1	0	X		FG01			1003	40	ZPFG	09.08.2026	09.08.2026	1					138,216.60		9004941800			1008		000000000000000000		0000000000	0000	0000000000	0000										45	09.08.2026	1				0				000000000000000000	1003								0		0	00000000	
ROW80|700	003004360755	0001	E		000	00000000					000000	0000		0	20	20	0	TO	TO	000000000015000177	0	0			09.08.2026		000000000000	0.0	X	0.0		X			1003	FRNC	1	1	0	X		FG01			1003	40	ZPFG	09.08.2026	09.08.2026	1					61,429.60		9004941904			1008		000000000000000000		0000000000	0000	0000000000	0000										20	09.08.2026	1				0				000000000000000000	1003								0		0	00000000	
ROW81|700	003004360756	0001	E		000	00000000					000000	0000		0	20	0	0	TO	TO	000000000015000177	0	0					000000000000	0.0	X	0.0		X			1003	FRNC	1	1	0			FG01			1003	40	ZPFG	09.08.2026	09.08.2026	1					0.00		9004941906			1008		000000000000000000		0000000000	0000	0000000000	0000										20	09.08.2026	1				0				000000000000000000	1003								0		0	00000000	
ROW82|700	003004360757	0001	E		000	00000000					000000	0000		0	20	20	0	TO	TO	000000000015000177	0	0			09.08.2026		000000000000	0.0	X	0.0		X			1003	FRNC	1	1	0	X		FG01			1003	40	ZPFG	09.08.2026	09.08.2026	1					61,429.60		9004941907			1008		000000000000000000		0000000000	0000	0000000000	0000										20	09.08.2026	1				0				000000000000000000	1003								0		0	00000000	
ROW83|700	003004360758	0001	E		000	00000000					000000	0000		0	20	20	0	TO	TO	000000000015000177	0	0			09.08.2026		000000000000	0.0	X	0.0		X			1003	FRNC	1	1	0	X		FG01			1003	40	ZPFG	09.08.2026	09.08.2026	1					61,429.60		9004941908			1008		000000000000000000		0000000000	0000	0000000000	0000										20	09.08.2026	1				0				000000000000000000	1003								0		0	00000000	
ROW84|700	003004360759	0001	E		000	00000000					000000	0000		0	20	20	0	TO	TO	000000000015000177	0	0			09.08.2026		000000000000	0.0	X	0.0		X			1003	FRNC	1	1	0	X		FG01			1003	40	ZPFG	09.08.2026	09.08.2026	1					61,429.60		9004941909			1008		000000000000000000		0000000000	0000	0000000000	0000										20	09.08.2026	1				0				000000000000000000	1003								0		0	00000000	
ROW85|700	003004360760	0001	E		000	00000000					000000	0000		0	20	20	0	TO	TO	000000000015000177	0	0			09.08.2026		000000000000	0.0	X	0.0		X			1003	FRNC	1	1	0	X		FG01			1003	40	ZPFG	09.08.2026	09.08.2026	1					61,429.60		9004941912			1008		000000000000000000		0000000000	0000	0000000000	0000										20	09.08.2026	1				0				000000000000000000	1003								0		0	00000000	
ROW86|700	003004360761	0001	E		000	00000000					000000	0000		0	25	25	0	TO	TO	000000000015000177	0	0			09.08.2026		000000000000	0.0	X	0.0		X			1003	FRNC	1	1	0	X		FG01			1003	40	ZPFG	09.08.2026	09.08.2026	1					76,787.00		9004941913			1008		000000000000000000		0000000000	0000	0000000000	0000										25	09.08.2026	1				0				000000000000000000	1003								0		0	00000000	
ROW87|700	003004360762	0001	E		000	00000000					000000	0000		0	25	25	0	TO	TO	000000000015000177	0	0			09.08.2026		000000000000	0.0	X	0.0		X			1003	FRNC	1	1	0	X		FG01			1003	40	ZPFG	09.08.2026	09.08.2026	1					76,787.00		9004941915			1008		000000000000000000		0000000000	0000	0000000000	0000										25	09.08.2026	1				0				000000000000000000	1003								0		0	00000000	
ROW88|700	003004360763	0001	E		000	00000000					000000	0000		0	25	25	0	TO	TO	000000000015000177	0	0			09.08.2026		000000000000	0.0	X	0.0		X			1003	FRNC	1	1	0	X		FG01			1003	40	ZPFG	09.08.2026	09.08.2026	1					76,787.00		9004941917			1008		000000000000000000		0000000000	0000	0000000000	0000										25	09.08.2026	1				0				000000000000000000	1003								0		0	00000000	
ROW89|700	003004360764	0001	E		000	00000000					000000	0000		0	25	25	0	TO	TO	000000000015000177	0	0			09.08.2026		000000000000	0.0	X	0.0		X			1003	FRNC	1	1	0	X		FG01			1003	40	ZPFG	09.08.2026	09.08.2026	1					76,787.00		9004941919			1008		000000000000000000		0000000000	0000	0000000000	0000										25	09.08.2026	1				0				000000000000000000	1003								0		0	00000000	
ROW90|700	003004360798	0001	E		000	00000000					000000	0000		0	42	0	0	TO	TO	000000000015000177	0	0					000000000000	0.0	X	0.0		X			1003	FRNC	1	1	0			FG01			1003	40	ZPFG	09.08.2026	09.08.2026	1					0.00		9004942006			1008		000000000000000000		0000000000	0000	0000000000	0000										42	09.08.2026	1				0				000000000000000000	1003								0		0	00000000	
ROW91|700	003004360807	0001	E		000	00000000					000000	0000		0	42	42	0	TO	TO	000000000015000177	0	0			09.08.2026		000000000000	0.0	X	0.0		X			1003	FRNC	1	1	0	X		FG01			1003	40	ZPFG	09.08.2026	09.08.2026	1					129,002.16		9004942030			1008		000000000000000000		0000000000	0000	0000000000	0000										42	09.08.2026	1				0				000000000000000000	1003								0		0	00000000	
ROW92|700	003004360824	0001	E		000	00000000					000000	0000		0	20	20	0	TO	TO	000000000015000177	0	0			09.08.2026		000000000000	0.0	X	0.0		X			1003	FRNC	1	1	0	X		FG01			1003	40	ZPFG	09.08.2026	09.08.2026	1					61,429.60		9004942070			1008		000000000000000000		0000000000	0000	0000000000	0000										20	09.08.2026	1				0				000000000000000000	1003								0		0	00000000	
ROW93|700	003004360825	0001	E		000	00000000					000000	0000		0	20	20	0	TO	TO	000000000015000177	0	0			09.08.2026		000000000000	0.0	X	0.0		X			1003	FRNC	1	1	0	X		FG01			1003	40	ZPFG	09.08.2026	09.08.2026	1					61,429.60		9004942075			1008		000000000000000000		0000000000	0000	0000000000	0000										20	09.08.2026	1				0				000000000000000000	1003								0		0	00000000	
ROW94|700	003004360826	0001	E		000	00000000					000000	0000		0	20	20	0	TO	TO	000000000015000177	0	0			09.08.2026		000000000000	0.0	X	0.0		X			1003	FRNC	1	1	0	X		FG01			1003	40	ZPFG	09.08.2026	09.08.2026	1					61,429.60		9004942076			1008		000000000000000000		0000000000	0000	0000000000	0000										20	09.08.2026	1				0				000000000000000000	1003								0		0	00000000	
ROW95|700	003004360827	0001	E		000	00000000					000000	0000		0	20	20	0	TO	TO	000000000015000177	0	0			09.08.2026		000000000000	0.0	X	0.0		X			1003	FRNC	1	1	0	X		FG01			1003	40	ZPFG	09.08.2026	09.08.2026	1					61,429.60		9004942078			1008		000000000000000000		0000000000	0000	0000000000	0000										20	09.08.2026	1				0				000000000000000000	1003								0		0	00000000	
ROW96|700	003004360828	0001	E		000	00000000					000000	0000		0	20	20	0	TO	TO	000000000015000177	0	0			09.08.2026		000000000000	0.0	X	0.0		X			1003	FRNC	1	1	0	X		FG01			1003	40	ZPFG	09.08.2026	09.08.2026	1					61,429.60		9004942079			1008		000000000000000000		0000000000	0000	0000000000	0000										20	09.08.2026	1				0				000000000000000000	1003								0		0	00000000	
ROW97|700	003004360849	0001	E		000	00000000					000000	0000		0	45	45	0	TO	TO	000000000015000177	0	0			09.08.2026		000000000000	0.0	X	0.0		X			1003	FRNC	1	1	0	X		FG01			1003	40	ZPFG	09.08.2026	09.08.2026	1					138,216.60		9004942136			1008		000000000000000000		0000000000	0000	0000000000	0000										45	09.08.2026	1				0				000000000000000000	1003								0		0	00000000	
ROW98|700	003004360867	0001	E		000	00000000					000000	0000		0	30	30	0	TO	TO	000000000015000177	0	0			09.08.2026		000000000000	0.0	X	0.0		X			1045	FOCP	1	1	0	X		FG01			1045	40	ZPFG	09.08.2026	09.08.2026	1					209,370.60		9004942199			1021		000000000000000000		0000000000	0000	0000000000	0000										30	09.08.2026	1				0				000000000000000000	1045								0		0	00000000	
ROW99|700	003004360904	0001	E		000	00000000					000000	0000		0	45	41	0	TO	TO	000000000015000177	0	0			09.08.2026		000000000000	0.0	X	0.0		X			1000	FBWR	1	1	0			FG01			1000	40	ZPFG	09.08.2026	09.08.2026	1					135,433.25		9004942256			1008		000000000000000000		0000000000	0000	0000000000	0000										45	09.08.2026	1				0				000000000000000000	1000								0		0	00000000	
ROW100|700	003004360948	0001	E		000	00000000					000000	0000		0	38	0	0	TO	TO	000000000015000177	0	0					000000000000	0.0	X	0.0		X			1006	FJGU	1	1	0			FG01			1006	40	ZPFG	09.08.2026	09.08.2026	1					0.00		9004942337			1008		000000000000000000		0000000000	0000	0000000000	0000										38	09.08.2026	1				0				000000000000000000	1006								0		0	00000000	
ROW101|700	003004361005	0001	E		000	00000000					000000	0000		0	45	45	0	TO	TO	000000000015000177	0	0			09.08.2026		000000000000	0.0	X	0.0		X			1009	FBCU	1	1	0	X		FG01			1009	40	ZPFG	09.08.2026	09.08.2026	1					165,822.30		9004942556			1008		000000000000000000		0000000000	0000	0000000000	0000										45	09.08.2026	1				0				000000000000000000	1009								0		0	00000000	
ROW102|700	003004361009	0001	E		000	00000000					000000	0000		0	45	45	0	TO	TO	000000000015000177	0	0			09.08.2026		000000000000	0.0	X	0.0		X			1003	FRNC	1	1	0	X		FG01			1003	40	ZPFG	09.08.2026	09.08.2026	1					138,216.60		9004942571			1008		000000000000000000		0000000000	0000	0000000000	0000										45	09.08.2026	1				0				000000000000000000	1003								0		0	00000000	
ROW103|700	003004361023	0001	E		000	00000000					000000	0000		0	45	45	0	TO	TO	000000000015000177	0	0			09.08.2026		000000000000	0.0	X	0.0		X			1003	FRNC	1	1	0	X		FG01			1003	40	ZPFG	09.08.2026	09.08.2026	1					138,216.60		9004942621			1008		000000000000000000		0000000000	0000	0000000000	0000										45	09.08.2026	1				0				000000000000000000	1003								0		0	00000000	
ROW104|700	003004361024	0001	E		000	00000000					000000	0000		0	45	45	0	TO	TO	000000000015000177	0	0			09.08.2026		000000000000	0.0	X	0.0		X			1003	FRNC	1	1	0	X		FG01			1003	40	ZPFG	09.08.2026	09.08.2026	1					138,216.60		9004942622			1008		000000000000000000		0000000000	0000	0000000000	0000										45	09.08.2026	1				0				000000000000000000	1003								0		0	00000000	
ROW105|700	003004361026	0001	E		000	00000000					000000	0000		0	25	25	0	TO	TO	000000000015000177	0	0			10.08.2026		000000000000	0.0	X	0.0		X			1003	FRNC	1	1	0	X		FG01			1003	40	ZPFG	09.08.2026	09.08.2026	1					76,787.00		9004942624			1008		000000000000000000		0000000000	0000	0000000000	0000										25	09.08.2026	1				0				000000000000000000	1003								0		0	00000000	
ROW106|700	003004361027	0001	E		000	00000000					000000	0000		0	25	0	0	TO	TO	000000000015000177	0	0					000000000000	0.0	X	0.0		X			1003	FRNC	1	1	0			FG01			1003	40	ZPFG	09.08.2026	09.08.2026	1					0.00		9004942625			1008		000000000000000000		0000000000	0000	0000000000	0000										25	09.08.2026	1				0				000000000000000000	1003								0		0	00000000	
ROW107|700	003004361028	0001	E		000	00000000					000000	0000		0	25	25	0	TO	TO	000000000015000177	0	0			09.08.2026		000000000000	0.0	X	0.0		X			1003	FRNC	1	1	0	X		FG01			1003	40	ZPFG	09.08.2026	09.08.2026	1					76,787.00		9004942626			1008		000000000000000000		0000000000	0000	0000000000	0000										25	09.08.2026	1				0				000000000000000000	1003								0		0	00000000	
ROW108|700	003004361029	0001	E		000	00000000					000000	0000		0	25	25	0	TO	TO	000000000015000177	0	0			09.08.2026		000000000000	0.0	X	0.0		X			1003	FRNC	1	1	0	X		FG01			1003	40	ZPFG	09.08.2026	09.08.2026	1					76,787.00		9004942627			1008		000000000000000000		0000000000	0000	0000000000	0000										25	09.08.2026	1				0				000000000000000000	1003								0		0	00000000	
ROW109|700	003004361030	0001	E		000	00000000					000000	0000		0	25	35	0	TO	TO	000000000015000177	0	0			09.08.2026		000000000000	0.0	X	0.0		X			1003	FRNC	1	1	0	X		FG01			1003	40	ZPFG	09.08.2026	09.08.2026	1					107,501.80		9004942628			1008		000000000000000000		0000000000	0000	0000000000	0000										25	09.08.2026	1				0				000000000000000000	1003								0		0	00000000	
ROW110|700	003004361031	0001	E		000	00000000					000000	0000		0	25	15	0	TO	TO	000000000015000177	0	0			09.08.2026		000000000000	0.0	X	0.0		X			1003	FRNC	1	1	0			FG01			1003	40	ZPFG	09.08.2026	09.08.2026	1					46,072.20		9004942630			1008		000000000000000000		0000000000	0000	0000000000	0000										25	09.08.2026	1				0				000000000000000000	1003								0		0	00000000	
ROW111|700	003004361032	0001	E		000	00000000					000000	0000		0	25	20	0	TO	TO	000000000015000177	0	0			09.08.2026		000000000000	0.0	X	0.0		X			1003	FRNC	1	1	0			FG01			1003	40	ZPFG	09.08.2026	09.08.2026	1					61,429.60		9004942631			1008		000000000000000000		0000000000	0000	0000000000	0000										25	09.08.2026	1				0				000000000000000000	1003								0		0	00000000	
ROW112|700	003004361035	0001	E		000	00000000					000000	0000		0	45	45	0	TO	TO	000000000015000177	0	0			09.08.2026		000000000000	0.0	X	0.0		X			1003	FRNC	1	1	0	X		FG01			1003	40	ZPFG	09.08.2026	09.08.2026	1					138,216.60		9004942634			1008		000000000000000000		0000000000	0000	0000000000	0000										45	09.08.2026	1				0				000000000000000000	1003								0		0	00000000	
ROW113|700	003004361040	0001	E		000	00000000					000000	0000		0	25	0	0	TO	TO	000000000015000177	0	0					000000000000	0.0	X	0.0		X			1003	FRNC	1	1	0			FG01			1003	40	ZPFG	09.08.2026	09.08.2026	1					0.00		9004942640			1008		000000000000000000		0000000000	0000	0000000000	0000										25	09.08.2026	1				0				000000000000000000	1003								0		0	00000000	
ROW114|700	003004361054	0001	E		000	00000000					000000	0000		0	38	38	0	TO	TO	000000000015000177	0	0			09.08.2026		000000000000	0.0	X	0.0		X			1003	FRNC	1	1	0	X		FG01			1003	40	ZPFG	09.08.2026	09.08.2026	1					116,716.24		9004942678			1008		000000000000000000		0000000000	0000	0000000000	0000										38	09.08.2026	1				0				000000000000000000	1003								0		0	00000000	
ROW115|700	003004361055	0001	E		000	00000000					000000	0000		0	38	38	0	TO	TO	000000000015000177	0	0			10.08.2026		000000000000	0.0	X	0.0		X			1003	FRNC	1	1	0	X		FG01			1003	40	ZPFG	09.08.2026	09.08.2026	1					116,716.24		9004942679			1008		000000000000000000		0000000000	0000	0000000000	0000										38	09.08.2026	1				0				000000000000000000	1003								0		0	00000000	
ROW116|700	003004361056	0001	E		000	00000000					000000	0000		0	45	45	0	TO	TO	000000000015000177	0	0			09.08.2026		000000000000	0.0	X	0.0		X			1003	FRNC	1	1	0	X		FG01			1003	40	ZPFG	09.08.2026	09.08.2026	1					138,216.60		9004942680			1008		000000000000000000		0000000000	0000	0000000000	0000										45	09.08.2026	1				0				000000000000000000	1003								0		0	00000000	
ROW117|700	003004361057	0001	E		000	00000000					000000	0000		0	45	45	0	TO	TO	000000000015000177	0	0			10.08.2026		000000000000	0.0	X	0.0		X			1003	FRNC	1	1	0	X		FG01			1003	40	ZPFG	09.08.2026	09.08.2026	1					138,216.60		9004942681			1008		000000000000000000		0000000000	0000	0000000000	0000										45	09.08.2026	1				0				000000000000000000	1003								0		0	00000000	
ROW118|700	003004361058	0001	E		000	00000000					000000	0000		0	45	45	0	TO	TO	000000000015000177	0	0			09.08.2026		000000000000	0.0	X	0.0		X			1003	FRNC	1	1	0	X		FG01			1003	40	ZPFG	09.08.2026	09.08.2026	1					138,216.60		9004942682			1008		000000000000000000		0000000000	0000	0000000000	0000										45	09.08.2026	1				0				000000000000000000	1003								0		0	00000000	
ROW119|700	003004361080	0001	E		000	00000000					000000	0000		0	38	38	0	TO	TO	000000000015000177	0	0			09.08.2026		000000000000	0.0	X	0.0		X			1006	FJGU	1	1	0	X		FG01			1006	40	ZPFG	09.08.2026	09.08.2026	1					136,369.46		9004942721			1008		000000000000000000		0000000000	0000	0000000000	0000										38	09.08.2026	1				0				000000000000000000	1006								0		0	00000000	
ROW120|700	003004361087	0001	E		000	00000000					000000	0000		0	45	0	0	TO	TO	000000000015000177	0	0					000000000000	0.0	X	0.0		X			1014	FJWN	1	1	0			FG01			1014	40	ZPFG	09.08.2026	09.08.2026	1					0.00		9004942732			1008		000000000000000000		0000000000	0000	0000000000	0000										45	09.08.2026	1				0				000000000000000000	1014								0		0	00000000	
ROW121|700	003004361103	0001	E		000	00000000					000000	0000		0	35	0	0	TO	TO	000000000015000177	0	0					000000000000	0.0	X	0.0		X			1004	FNWL	1	1	0			FG01			1004	40	ZPFG	09.08.2026	09.08.2026	1					0.00		9004942760			1008		000000000000000000		0000000000	0000	0000000000	0000										35	09.08.2026	1				0				000000000000000000	1004								0		0	00000000	
ROW122|700	003004361111	0001	E		000	00000000					000000	0000		0	42	42	0	TO	TO	000000000015000177	0	0			10.08.2026		000000000000	0.0	X	0.0		X			1004	FNWL	1	1	0	X		FG01			1004	40	ZPFG	09.08.2026	09.08.2026	1					117,206.46		9004942787			1008		000000000000000000		0000000000	0000	0000000000	0000										42	09.08.2026	1				0				000000000000000000	1004								0		0	00000000	
ROW123|700	003004361162	0001	E		000	00000000					000000	0000		0	1	42	0	TO	TO	000000000015000177	0	0			09.08.2026		000000000000	0.0	X	0.0		X			1003	FRNC	1	1	0	X		FG01			1003	40	ZPFG	09.08.2026	09.08.2026	1					129,002.16		9004942904			1008		000000000000000000		0000000000	0000	0000000000	0000										1	09.08.2026	1				0				000000000000000000	1003								0		0	00000000	
ROW124|700	003004361163	0001	E		000	00000000					000000	0000		0	1	42	0	TO	TO	000000000015000177	0	0			09.08.2026		000000000000	0.0	X	0.0		X			1003	FRNC	1	1	0	X		FG01			1003	40	ZPFG	09.08.2026	09.08.2026	1					129,002.16		9004942905			1008		000000000000000000		0000000000	0000	0000000000	0000										1	09.08.2026	1				0				000000000000000000	1003								0		0	00000000	
ROW125|700	003004361217	0001	E		000	00000000					000000	0000		0	38	38	0	TO	TO	000000000015000177	0	0			10.08.2026		000000000000	0.0	X	0.0		X			1003	FRNC	1	1	0	X		FG01			1003	40	ZPFG	09.08.2026	09.08.2026	1					116,716.24		9004943051			1008		000000000000000000		0000000000	0000	0000000000	0000										38	09.08.2026	1				0				000000000000000000	1003								0		0	00000000	
ROW126|700	003004361233	0001	E		000	00000000					000000	0000		0	40	40	0	TO	TO	000000000015000177	0	0			10.08.2026		000000000000	0.0	X	0.0		X			1004	FNWL	1	1	0	X		FG01			1004	40	ZPFG	09.08.2026	09.08.2026	1					111,625.20		9004943078			1008		000000000000000000		0000000000	0000	0000000000	0000										40	09.08.2026	1				0				000000000000000000	1004								0		0	00000000	
ROW127|700	003004361246	0001	E		000	00000000					000000	0000		0	42	41	0	TO	TO	000000000015000177	0	0			09.08.2026		000000000000	0.0	X	0.0		X			1002	FRAS	1	1	0			FG01			1002	40	ZPFG	09.08.2026	09.08.2026	1					132,224.18		9004943112			1008		000000000000000000		0000000000	0000	0000000000	0000										42	09.08.2026	1				0				000000000000000000	1002								0		0	00000000	
ROW128|700	003004361247	0001	E		000	00000000					000000	0000		0	42	42	0	TO	TO	000000000015000177	0	0			09.08.2026		000000000000	0.0	X	0.0		X			1002	FRAS	1	1	0	X		FG01			1002	40	ZPFG	09.08.2026	09.08.2026	1					135,449.16		9004943114			1008		000000000000000000		0000000000	0000	0000000000	0000										42	09.08.2026	1				0				000000000000000000	1002								0		0	00000000	
ROW129|700	003004361249	0001	E		000	00000000					000000	0000		0	25	25	0	TO	TO	000000000015000177	0	0			10.08.2026		000000000000	0.0	X	0.0		X			1003	FRNC	1	1	0	X		FG01			1003	40	ZPFG	09.08.2026	09.08.2026	1					76,787.00		9004943120			1008		000000000000000000		0000000000	0000	0000000000	0000										25	09.08.2026	1				0				000000000000000000	1003								0		0	00000000	
ROW130|700	003004361270	0001	E		000	00000000					000000	0000		0	42	45	0	TO	TO	000000000015000177	0	0			09.08.2026		000000000000	0.0	X	0.0		X			1003	FRNC	1	1	0	X		FG01			1003	40	ZPFG	09.08.2026	09.08.2026	1					138,216.60		9004943188			1008		000000000000000000		0000000000	0000	0000000000	0000										42	09.08.2026	1				0				000000000000000000	1003								0		0	00000000	
ROW131|700	003004361271	0001	E		000	00000000					000000	0000		0	42	45	0	TO	TO	000000000015000177	0	0			09.08.2026		000000000000	0.0	X	0.0		X			1003	FRNC	1	1	0	X		FG01			1003	40	ZPFG	09.08.2026	09.08.2026	1					138,216.60		9004943189			1008		000000000000000000		0000000000	0000	0000000000	0000										42	09.08.2026	1				0				000000000000000000	1003								0		0	00000000	
ROW132|700	003004361272	0001	E		000	00000000					000000	0000		0	42	45	0	TO	TO	000000000015000177	0	0			09.08.2026		000000000000	0.0	X	0.0		X			1003	FRNC	1	1	0	X		FG01			1003	40	ZPFG	09.08.2026	09.08.2026	1					138,216.60		9004943190			1008		000000000000000000		0000000000	0000	0000000000	0000										42	09.08.2026	1				0				000000000000000000	1003								0		0	00000000	
ROW133|700	003004361359	0001	E		000	00000000					000000	0000		0	40	40	0	TO	TO	000000000015000177	0	0			10.08.2026		000000000000	0.0	X	0.0		X			1004	FNWL	1	1	0	X		FG01			1004	40	ZPFG	09.08.2026	09.08.2026	1					111,625.20		9004943523			1008		000000000000000000		0000000000	0000	0000000000	0000										40	09.08.2026	1				0				000000000000000000	1004								0		0	00000000	
ROW134|700	003004361407	0001	E		000	00000000					000000	0000		0	45	45	0	TO	TO	000000000015000177	0	0			09.08.2026		000000000000	0.0	X	0.0		X			1003	FRNC	1	1	0	X		FG01			1003	40	ZPFG	09.08.2026	09.08.2026	1					138,216.60		9004943687			1008		000000000000000000		0000000000	0000	0000000000	0000										45	09.08.2026	1				0				000000000000000000	1003								0		0	00000000	
ROW135|700	003004361416	0001	E		000	00000000					000000	0000		0	42	42	0	TO	TO	000000000015000177	0	0			09.08.2026		000000000000	0.0	X	0.0		X			1002	FRAS	1	1	0	X		FG01			1002	40	ZPFG	09.08.2026	09.08.2026	1					135,449.16		9004943708			1008		000000000000000000		0000000000	0000	0000000000	0000										42	09.08.2026	1				0				000000000000000000	1002								0		0	00000000	
ROW136|700	003004361419	0001	E		000	00000000					000000	0000		0	42	42	0	TO	TO	000000000015000177	0	0			09.08.2026		000000000000	0.0	X	0.0		X			1003	FRNC	1	1	0	X		FG01			1003	40	ZPFG	09.08.2026	09.08.2026	1					129,002.16		9004943719			1008		000000000000000000		0000000000	0000	0000000000	0000										42	09.08.2026	1				0				000000000000000000	1003								0		0	00000000	
ROW137|700	003004361511	0001	E		000	00000000					000000	0000		0	42	42	0	TO	TO	000000000015000177	0	0			10.08.2026		000000000000	0.0	X	0.0		X			1003	FRNC	1	1	0	X		FG01			1003	40	ZPFG	09.08.2026	09.08.2026	1					129,002.16		9004943909			1008		000000000000000000		0000000000	0000	0000000000	0000										42	09.08.2026	1				0				000000000000000000	1003								0		0	00000000	
ROW138|700	003004361512	0001	E		000	00000000					000000	0000		0	42	43	0	TO	TO	000000000015000177	0	0			10.08.2026		000000000000	0.0	X	0.0		X			1003	FRNC	1	1	0	X		FG01			1003	40	ZPFG	09.08.2026	09.08.2026	1					132,073.64		9004943911			1008		000000000000000000		0000000000	0000	0000000000	0000										42	09.08.2026	1				0				000000000000000000	1003								0		0	00000000	
ROW139|700	003004361513	0001	E		000	00000000					000000	0000		0	42	43	0	TO	TO	000000000015000177	0	0			10.08.2026		000000000000	0.0	X	0.0		X			1003	FRNC	1	1	0	X		FG01			1003	40	ZPFG	09.08.2026	09.08.2026	1					132,073.64		9004943912			1008		000000000000000000		0000000000	0000	0000000000	0000										42	09.08.2026	1				0				000000000000000000	1003								0		0	00000000	
ROW140|700	003004361514	0001	E		000	00000000					000000	0000		0	42	42	0	TO	TO	000000000015000177	0	0			10.08.2026		000000000000	0.0	X	0.0		X			1003	FRNC	1	1	0	X		FG01			1003	40	ZPFG	09.08.2026	09.08.2026	1					129,002.16		9004943914			1008		000000000000000000		0000000000	0000	0000000000	0000										42	09.08.2026	1				0				000000000000000000	1003								0		0	00000000	
ROW141|700	003004361515	0001	E		000	00000000					000000	0000		0	42	44	0	TO	TO	000000000015000177	0	0			10.08.2026		000000000000	0.0	X	0.0		X			1003	FRNC	1	1	0	X		FG01			1003	40	ZPFG	09.08.2026	09.08.2026	1					135,145.12		9004943915			1008		000000000000000000		0000000000	0000	0000000000	0000										42	09.08.2026	1				0				000000000000000000	1003								0		0	00000000	
ROW142|700	003004361516	0001	E		000	00000000					000000	0000		0	42	44	0	TO	TO	000000000015000177	0	0			10.08.2026		000000000000	0.0	X	0.0		X			1003	FRNC	1	1	0	X		FG01			1003	40	ZPFG	09.08.2026	09.08.2026	1					135,145.12		9004943916			1008		000000000000000000		0000000000	0000	0000000000	0000										42	09.08.2026	1				0				000000000000000000	1003								0		0	00000000	
ROW143|700	003004361517	0001	E		000	00000000					000000	0000		0	42	44	0	TO	TO	000000000015000177	0	0			10.08.2026		000000000000	0.0	X	0.0		X			1003	FRNC	1	1	0	X		FG01			1003	40	ZPFG	09.08.2026	09.08.2026	1					135,145.12		9004943917			1008		000000000000000000		0000000000	0000	0000000000	0000										42	09.08.2026	1				0				000000000000000000	1003								0		0	00000000	
ROW144|700	003004361518	0001	E		000	00000000					000000	0000		0	43	43	0	TO	TO	000000000015000177	0	0			10.08.2026		000000000000	0.0	X	0.0		X			1003	FRNC	1	1	0	X		FG01			1003	40	ZPFG	09.08.2026	09.08.2026	1					132,073.64		9004943919			1008		000000000000000000		0000000000	0000	0000000000	0000										43	09.08.2026	1				0				000000000000000000	1003								0		0	00000000	
ROW145|700	003004361519	0001	E		000	00000000					000000	0000		0	43	43	0	TO	TO	000000000015000177	0	0			10.08.2026		000000000000	0.0	X	0.0		X			1003	FRNC	1	1	0	X		FG01			1003	40	ZPFG	09.08.2026	09.08.2026	1					132,073.64		9004943920			1008		000000000000000000		0000000000	0000	0000000000	0000										43	09.08.2026	1				0				000000000000000000	1003								0		0	00000000	
ROW146|700	003004361520	0001	E		000	00000000					000000	0000		0	43	43	0	TO	TO	000000000015000177	0	0			10.08.2026		000000000000	0.0	X	0.0		X			1003	FRNC	1	1	0	X		FG01			1003	40	ZPFG	09.08.2026	09.08.2026	1					132,073.64		9004943921			1008		000000000000000000		0000000000	0000	0000000000	0000										43	09.08.2026	1				0				000000000000000000	1003								0		0	00000000	
ROW147|700	003004361521	0001	E		000	00000000					000000	0000		0	43	43	0	TO	TO	000000000015000177	0	0			10.08.2026		000000000000	0.0	X	0.0		X			1003	FRNC	1	1	0	X		FG01			1003	40	ZPFG	09.08.2026	09.08.2026	1					132,073.64		9004943922			1008		000000000000000000		0000000000	0000	0000000000	0000										43	09.08.2026	1				0				000000000000000000	1003								0		0	00000000	
ROW148|700	003004361522	0001	E		000	00000000					000000	0000		0	43	43	0	TO	TO	000000000015000177	0	0			10.08.2026		000000000000	0.0	X	0.0		X			1003	FRNC	1	1	0	X		FG01			1003	40	ZPFG	09.08.2026	09.08.2026	1					132,073.64		9004943923			1008		000000000000000000		0000000000	0000	0000000000	0000										43	09.08.2026	1				0				000000000000000000	1003								0		0	00000000	
ROW149|700	003004361524	0001	E		000	00000000					000000	0000		0	44	44	0	TO	TO	000000000015000177	0	0			10.08.2026		000000000000	0.0	X	0.0		X			1003	FRNC	1	1	0	X		FG01			1003	40	ZPFG	09.08.2026	09.08.2026	1					135,145.12		9004943926			1008		000000000000000000		0000000000	0000	0000000000	0000										44	09.08.2026	1				0				000000000000000000	1003								0		0	00000000	
ROW150|700	003004361525	0001	E		000	00000000					000000	0000		0	44	44	0	TO	TO	000000000015000177	0	0			10.08.2026		000000000000	0.0	X	0.0		X			1003	FRNC	1	1	0	X		FG01			1003	40	ZPFG	09.08.2026	09.08.2026	1					135,145.12		9004943928			1008		000000000000000000		0000000000	0000	0000000000	0000										44	09.08.2026	1				0				000000000000000000	1003								0		0	00000000	
ROW151|700	003004361526	0001	E		000	00000000					000000	0000		0	44	44	0	TO	TO	000000000015000177	0	0			10.08.2026		000000000000	0.0	X	0.0		X			1003	FRNC	1	1	0	X		FG01			1003	40	ZPFG	09.08.2026	09.08.2026	1					135,145.12		9004943929			1008		000000000000000000		0000000000	0000	0000000000	0000										44	09.08.2026	1				0				000000000000000000	1003								0		0	00000000	
ROW152|700	003004361527	0001	E		000	00000000					000000	0000		0	44	44	0	TO	TO	000000000015000177	0	0			10.08.2026		000000000000	0.0	X	0.0		X			1003	FRNC	1	1	0	X		FG01			1003	40	ZPFG	09.08.2026	09.08.2026	1					135,145.12		9004943930			1008		000000000000000000		0000000000	0000	0000000000	0000										44	09.08.2026	1				0				000000000000000000	1003								0		0	00000000	
ROW153|700	003004361528	0001	E		000	00000000					000000	0000		0	44	44	0	TO	TO	000000000015000177	0	0			10.08.2026		000000000000	0.0	X	0.0		X			1003	FRNC	1	1	0	X		FG01			1003	40	ZPFG	09.08.2026	09.08.2026	1					135,145.12		9004943931			1008		000000000000000000		0000000000	0000	0000000000	0000										44	09.08.2026	1				0				000000000000000000	1003								0		0	00000000	
ROW154|700	003004361530	0001	E		000	00000000					000000	0000		0	45	45	0	TO	TO	000000000015000177	0	0			10.08.2026		000000000000	0.0	X	0.0		X			1003	FRNC	1	1	0	X		FG01			1003	40	ZPFG	09.08.2026	09.08.2026	1					138,216.60		9004943934			1008		000000000000000000		0000000000	0000	0000000000	0000										45	09.08.2026	1				0				000000000000000000	1003								0		0	00000000	
ROW155|700	003004361538	0001	E		000	00000000					000000	0000		0	45	42	0	TO	TO	000000000015000177	0	0			10.08.2026		000000000000	0.0	X	0.0		X			1003	FRNC	1	1	0			FG01			1003	40	ZPFG	09.08.2026	09.08.2026	1					129,002.16		9004943961			1008		000000000000000000		0000000000	0000	0000000000	0000										45	09.08.2026	1				0				000000000000000000	1003								0		0	00000000	
ROW156|700	003004361591	0001	E		000	00000000					000000	0000		0	40	40	0	TO	TO	000000000015000177	0	0			10.08.2026		000000000000	0.0	X	0.0		X			1004	FNWL	1	1	0	X		FG01			1004	40	ZPFG	09.08.2026	09.08.2026	1					111,625.20		9004944087			1008		000000000000000000		0000000000	0000	0000000000	0000										40	09.08.2026	1				0				000000000000000000	1004								0		0	00000000	
ROW157|700	003004361592	0001	E		000	00000000					000000	0000		0	40	0	0	TO	TO	000000000015000177	0	0					000000000000	0.0	X	0.0		X			1004	FNWL	1	1	0			FG01			1004	40	ZPFG	09.08.2026	09.08.2026	1					0.00		9004944089			1008		000000000000000000		0000000000	0000	0000000000	0000										40	09.08.2026	1				0				000000000000000000	1004								0		0	00000000	
ROW158|700	003004361614	0001	E		000	00000000					000000	0000		0	50	42	0	TO	TO	000000000015000177	0	0			10.08.2026		000000000000	0.0	X	0.0		X			1004	FNWL	1	1	0			FG01			1004	40	ZPFG	09.08.2026	09.08.2026	1					117,206.46		9004944134			1008		000000000000000000		0000000000	0000	0000000000	0000										50	09.08.2026	1				0				000000000000000000	1004								0		0	00000000	
ROW159|700	003004361651	0001	E		000	00000000					000000	0000		0	40	40	0	TO	TO	000000000015000177	0	0			10.08.2026		000000000000	0.0	X	0.0		X			1004	FNWL	1	1	0	X		FG01			1004	40	ZPFG	09.08.2026	09.08.2026	1					111,625.20		9004944310			1008		000000000000000000		0000000000	0000	0000000000	0000										40	09.08.2026	1				0				000000000000000000	1004								0		0	00000000	
ROW160|700	003004361656	0001	E		000	00000000					000000	0000		0	40	0	0	TO	TO	000000000015000177	0	0					000000000000	0.0	X	0.0		X			1004	FNWL	1	1	0			FG01			1004	40	ZPFG	09.08.2026	09.08.2026	1					0.00		9004944315			1008		000000000000000000		0000000000	0000	0000000000	0000										40	09.08.2026	1				0				000000000000000000	1004								0		0	00000000	
ROW161|700	003004361664	0001	E		000	00000000					000000	0000		0	45	0	0	TO	TO	000000000015000177	0	0					000000000000	0.0	X	0.0		X			1006	FJGU	1	1	0			FG01			1006	40	ZPFG	09.08.2026	09.08.2026	1					0.00		9004944338			1008		000000000000000000		0000000000	0000	0000000000	0000										45	09.08.2026	1				0				000000000000000000	1006								0		0	00000000	
ROW162|700	003004361665	0001	E		000	00000000					000000	0000		0	45	0	0	TO	TO	000000000015000177	0	0					000000000000	0.0	X	0.0		X			1006	FJGU	1	1	0			FG01			1006	40	ZPFG	09.08.2026	09.08.2026	1					0.00		9004944339			1008		000000000000000000		0000000000	0000	0000000000	0000										45	09.08.2026	1				0				000000000000000000	1006								0		0	00000000	
ROW163|700	003004361678	0001	E		000	00000000					000000	0000		0	45	42	0	TO	TO	000000000015000177	0	0			10.08.2026		000000000000	0.0	X	0.0		X			1006	FJGU	1	1	0			FG01			1006	40	ZPFG	10.08.2026	10.08.2026	1					150,724.14		9004944375			1008		000000000000000000		0000000000	0000	0000000000	0000										45	10.08.2026	1				0				000000000000000000	1006								0		0	00000000	
ROW164|700	003004361679	0001	E		000	00000000					000000	0000		0	45	45	0	TO	TO	000000000015000177	0	0			10.08.2026		000000000000	0.0	X	0.0		X			1006	FJGU	1	1	0	X		FG01			1006	40	ZPFG	10.08.2026	10.08.2026	1					161,490.15		9004944376			1008		000000000000000000		0000000000	0000	0000000000	0000										45	10.08.2026	1				0				000000000000000000	1006								0		0	00000000	
ROW165|700	003004361735	0001	E		000	00000000					000000	0000		0	50	0	0	TO	TO	000000000015000177	0	0					000000000000	0.0	X	0.0		X			1009	FBCU	1	1	0			FG01			1009	40	ZPFG	10.08.2026	10.08.2026	1					0.00		9004944582			1008		000000000000000000		0000000000	0000	0000000000	0000										50	10.08.2026	1				0				000000000000000000	1009								0		0	00000000	
ROW166|700	003004361736	0001	E		000	00000000					000000	0000		0	50	50	0	TO	TO	000000000015000177	0	0			10.08.2026		000000000000	0.0	X	0.0		X			1009	FBCU	1	1	0	X		FG01			1009	40	ZPFG	10.08.2026	10.08.2026	1					184,247.00		9004944583			1008		000000000000000000		0000000000	0000	0000000000	0000										50	10.08.2026	1				0				000000000000000000	1009								0		0	00000000	
ROW167|700	003004361737	0001	E		000	00000000					000000	0000		0	50	0	0	TO	TO	000000000015000177	0	0					000000000000	0.0	X	0.0		X			1009	FBCU	1	1	0			FG01			1009	40	ZPFG	10.08.2026	10.08.2026	1					0.00		9004944584			1008		000000000000000000		0000000000	0000	0000000000	0000										50	10.08.2026	1				0				000000000000000000	1009								0		0	00000000	
ROW168|700	003004361738	0001	E		000	00000000					000000	0000		0	50	50	0	TO	TO	000000000015000177	0	0			10.08.2026		000000000000	0.0	X	0.0		X			1009	FBCU	1	1	0	X		FG01			1009	40	ZPFG	10.08.2026	10.08.2026	1					184,247.00		9004944585			1008		000000000000000000		0000000000	0000	0000000000	0000										50	10.08.2026	1				0				000000000000000000	1009								0		0	00000000	
ROW169|700	003004361739	0001	E		000	00000000					000000	0000		0	50	50	0	TO	TO	000000000015000177	0	0			10.08.2026		000000000000	0.0	X	0.0		X			1009	FBCU	1	1	0	X		FG01			1009	40	ZPFG	10.08.2026	10.08.2026	1					184,247.00		9004944586			1008		000000000000000000		0000000000	0000	0000000000	0000										50	10.08.2026	1				0				000000000000000000	1009								0		0	00000000	
ROW170|700	003004361740	0001	E		000	00000000					000000	0000		0	50	50	0	TO	TO	000000000015000177	0	0			10.08.2026		000000000000	0.0	X	0.0		X			1009	FBCU	1	1	0	X		FG01			1009	40	ZPFG	10.08.2026	10.08.2026	1					184,247.00		9004944587			1008		000000000000000000		0000000000	0000	0000000000	0000										50	10.08.2026	1				0				000000000000000000	1009								0		0	00000000	
ROW171|700	003004361741	0001	E		000	00000000					000000	0000		0	50	50	0	TO	TO	000000000015000177	0	0			10.08.2026		000000000000	0.0	X	0.0		X			1009	FBCU	1	1	0	X		FG01			1009	40	ZPFG	10.08.2026	10.08.2026	1					184,247.00		9004944588			1008		000000000000000000		0000000000	0000	0000000000	0000										50	10.08.2026	1				0				000000000000000000	1009								0		0	00000000	
ROW172|700	003004361742	0001	E		000	00000000					000000	0000		0	50	50	0	TO	TO	000000000015000177	0	0			10.08.2026		000000000000	0.0	X	0.0		X			1009	FBCU	1	1	0	X		FG01			1009	40	ZPFG	10.08.2026	10.08.2026	1					184,247.00		9004944590			1008		000000000000000000		0000000000	0000	0000000000	0000										50	10.08.2026	1				0				000000000000000000	1009								0		0	00000000	
ROW173|700	003004361743	0001	E		000	00000000					000000	0000		0	50	50	0	TO	TO	000000000015000177	0	0			10.08.2026		000000000000	0.0	X	0.0		X			1009	FBCU	1	1	0	X		FG01			1009	40	ZPFG	10.08.2026	10.08.2026	1					184,247.00		9004944591			1008		000000000000000000		0000000000	0000	0000000000	0000										50	10.08.2026	1				0				000000000000000000	1009								0		0	00000000	
ROW174|700	003004361744	0001	E		000	00000000					000000	0000		0	50	50	0	TO	TO	000000000015000177	0	0			10.08.2026		000000000000	0.0	X	0.0		X			1009	FBCU	1	1	0	X		FG01			1009	40	ZPFG	10.08.2026	10.08.2026	1					184,247.00		9004944592			1008		000000000000000000		0000000000	0000	0000000000	0000										50	10.08.2026	1				0				000000000000000000	1009								0		0	00000000	
ROW175|700	003004361808	0001	E		000	00000000					000000	0000		0	33	0	0	TO	TO	000000000015000177	0	0					000000000000	0.0	X	0.0		X			1070	FKDL	1	1	0			FG01			1070	40	ZPFG	10.08.2026	10.08.2026	1					0.00		9004944981			1029		000000000000000000		0000000000	0000	0000000000	0000										33	10.08.2026	1				0				000000000000000000	1070								0		0	00000000	
ROW176|700	003004361809	0001	E		000	00000000					000000	0000		0	33	0	0	TO	TO	000000000015000177	0	0					000000000000	0.0	X	0.0		X			1070	FKDL	1	1	0			FG01			1070	40	ZPFG	10.08.2026	10.08.2026	1					0.00		9004944982			1029		000000000000000000		0000000000	0000	0000000000	0000										33	10.08.2026	1				0				000000000000000000	1070								0		0	00000000	
ROW177|700	003004361930	0001	E		000	00000000					000000	0000		0	10	10	0	TO	TO	000000000015000177	0	0			10.08.2026		000000000000	0.0	X	0.0		X			1004	FNWL	1	1	0	X		FG01			1004	40	ZPFG	10.08.2026	10.08.2026	1					27,906.30		9004945198			1008		000000000000000000		0000000000	0000	0000000000	0000										10	10.08.2026	1				0				000000000000000000	1004								0		0	00000000	
ROW178|700	003004361939	0001	E		000	00000000					000000	0000		0	45	45	0	TO	TO	000000000015000177	0	0			10.08.2026		000000000000	0.0	X	0.0		X			1003	FRNC	1	1	0	X		FG01			1003	40	ZPFG	10.08.2026	10.08.2026	1					138,216.60		9004945234			1008		000000000000000000		0000000000	0000	0000000000	0000										45	10.08.2026	1				0				000000000000000000	1003								0		0	00000000	
ROW179|700	003004361940	0001	E		000	00000000					000000	0000		0	45	45	0	TO	TO	000000000015000177	0	0			10.08.2026		000000000000	0.0	X	0.0		X			1003	FRNC	1	1	0	X		FG01			1003	40	ZPFG	10.08.2026	10.08.2026	1					138,216.60		9004945236			1008		000000000000000000		0000000000	0000	0000000000	0000										45	10.08.2026	1				0				000000000000000000	1003								0		0	00000000	
ROW180|700	003004362005	0001	E		000	00000000					000000	0000		0	10	10	0	TO	TO	000000000015000177	0	0			10.08.2026		000000000000	0.0	X	0.0		X			1004	FNWL	1	1	0	X		FG01			1004	40	ZPFG	10.08.2026	10.08.2026	1					27,906.30		9004945315			1008		000000000000000000		0000000000	0000	0000000000	0000										10	10.08.2026	1				0				000000000000000000	1004								0		0	00000000	
ROW181|700	003004362159	0001	E		000	00000000					000000	0000		0	45	0	0	TO	TO	000000000015000177	0	0					000000000000	0.0	X	0.0		X			1003	FRNC	1	1	0			FG01			1003	40	ZPFG	10.08.2026	10.08.2026	1					0.00		9004945617			1008		000000000000000000		0000000000	0000	0000000000	0000										45	10.08.2026	1				0				000000000000000000	1003								0		0	00000000	
ROW182|700	003004362160	0001	E		000	00000000					000000	0000		0	45	0	0	TO	TO	000000000015000177	0	0					000000000000	0.0	X	0.0		X			1003	FRNC	1	1	0			FG01			1003	40	ZPFG	10.08.2026	10.08.2026	1					0.00		9004945619			1008		000000000000000000		0000000000	0000	0000000000	0000										45	10.08.2026	1				0				000000000000000000	1003								0		0	00000000	
ROW183|700	003004362253	0001	E		000	00000000					000000	0000		0	51.500	0	0	TO	TO	000000000015000177	0	0					000000000000	0.0	X	0.0		X			1007	FRGU	1	1	0			FG01			1007	40	ZPFG	10.08.2026	10.08.2026	1					0.00		9004945781			1005		000000000000000000		0000000000	0000	0000000000	0000										51.500	10.08.2026	1				0				000000000000000000	1007								0		0	00000000	
ROW184|700	003004362254	0001	E		000	00000000					000000	0000		0	51.500	0	0	TO	TO	000000000015000177	0	0					000000000000	0.0	X	0.0		X			1007	FRGU	1	1	0			FG01			1007	40	ZPFG	10.08.2026	10.08.2026	1					0.00		9004945784			1005		000000000000000000		0000000000	0000	0000000000	0000										51.500	10.08.2026	1				0				000000000000000000	1007								0		0	00000000	
ROW185|700	003004362256	0001	E		000	00000000					000000	0000		0	25	0	0	TO	TO	000000000015000177	0	0					000000000000	0.0	X	0.0		X			1007	FRGU	1	1	0			FG01			1007	40	ZPFG	10.08.2026	10.08.2026	1					0.00		9004945788			1005		000000000000000000		0000000000	0000	0000000000	0000										25	10.08.2026	1				0				000000000000000000	1007								0		0	00000000	
ROW186|700	003004362260	0001	E		000	00000000					000000	0000		0	40	0	0	TO	TO	000000000015000177	0	0					000000000000	0.0	X	0.0		X			1007	FRGU	1	1	0			FG01			1007	40	ZPFG	10.08.2026	10.08.2026	1					0.00		9004945792			1005		000000000000000000		0000000000	0000	0000000000	0000										40	10.08.2026	1				0				000000000000000000	1007								0		0	00000000	
ROW187|700	003004362262	0001	E		000	00000000					000000	0000		0	22	0	0	TO	TO	000000000015000177	0	0					000000000000	0.0	X	0.0		X			1007	FRGU	1	1	0			FG01			1007	40	ZPFG	10.08.2026	10.08.2026	1					0.00		9004945794			1005		000000000000000000		0000000000	0000	0000000000	0000										22	10.08.2026	1				0				000000000000000000	1007								0		0	00000000	
ROW188|700	003004362264	0001	E		000	00000000					000000	0000		0	18	0	0	TO	TO	000000000015000177	0	0					000000000000	0.0	X	0.0		X			1007	FRGU	1	1	0			FG01			1007	40	ZPFG	10.08.2026	10.08.2026	1					0.00		9004945796			1005		000000000000000000		0000000000	0000	0000000000	0000										18	10.08.2026	1				0				000000000000000000	1007								0		0	00000000	
ROW189|700	003004362265	0001	E		000	00000000					000000	0000		0	45	0	0	TO	TO	000000000015000177	0	0					000000000000	0.0	X	0.0		X			1007	FRGU	1	1	0			FG01			1007	40	ZPFG	10.08.2026	10.08.2026	1					0.00		9004945803			1005		000000000000000000		0000000000	0000	0000000000	0000										45	10.08.2026	1				0				000000000000000000	1007								0		0	00000000	
ROW190|700	003004362268	0001	E		000	00000000					000000	0000		0	40	0	0	TO	TO	000000000015000177	0	0					000000000000	0.0	X	0.0		X			1007	FRGU	1	1	0			FG01			1007	40	ZPFG	10.08.2026	10.08.2026	1					0.00		9004945814			1005		000000000000000000		0000000000	0000	0000000000	0000										40	10.08.2026	1				0				000000000000000000	1007								0		0	00000000	
ROW191|700	003004362270	0001	E		000	00000000					000000	0000		0	22	0	0	TO	TO	000000000015000177	0	0					000000000000	0.0	X	0.0		X			1007	FRGU	1	1	0			FG01			1007	40	ZPFG	10.08.2026	10.08.2026	1					0.00		9004945816			1005		000000000000000000		0000000000	0000	0000000000	0000										22	10.08.2026	1				0				000000000000000000	1007								0		0	00000000	
ROW192|700	003004362272	0001	E		000	00000000					000000	0000		0	18	0	0	TO	TO	000000000015000177	0	0					000000000000	0.0	X	0.0		X			1007	FRGU	1	1	0			FG01			1007	40	ZPFG	10.08.2026	10.08.2026	1					0.00		9004945818			1005		000000000000000000		0000000000	0000	0000000000	0000										18	10.08.2026	1				0				000000000000000000	1007								0		0	00000000	
ROW193|700	003004362274	0001	E		000	00000000					000000	0000		0	45	0	0	TO	TO	000000000015000177	0	0					000000000000	0.0	X	0.0		X			1007	FRGU	1	1	0			FG01			1007	40	ZPFG	10.08.2026	10.08.2026	1					0.00		9004945820			1005		000000000000000000		0000000000	0000	0000000000	0000										45	10.08.2026	1				0				000000000000000000	1007								0		0	00000000	
ROW194|700	003004362277	0001	E		000	00000000					000000	0000		0	22	0	0	TO	TO	000000000015000177	0	0					000000000000	0.0	X	0.0		X			1007	FRGU	1	1	0			FG01			1007	40	ZPFG	10.08.2026	10.08.2026	1					0.00		9004945824			1005		000000000000000000		0000000000	0000	0000000000	0000										22	10.08.2026	1				0				000000000000000000	1007								0		0	00000000	
ROW195|700	003004362279	0001	E		000	00000000					000000	0000		0	18	0	0	TO	TO	000000000015000177	0	0					000000000000	0.0	X	0.0		X			1007	FRGU	1	1	0			FG01			1007	40	ZPFG	10.08.2026	10.08.2026	1					0.00		9004945826			1005		000000000000000000		0000000000	0000	0000000000	0000										18	10.08.2026	1				0				000000000000000000	1007								0		0	00000000	
ROW196|700	003004362287	0001	E		000	00000000					000000	0000		0	25	0	0	TO	TO	000000000015000177	0	0					000000000000	0.0	X	0.0		X			1007	FRGU	1	1	0			FG01			1007	40	ZPFG	10.08.2026	10.08.2026	1					0.00		9004945848			1005		000000000000000000		0000000000	0000	0000000000	0000										25	10.08.2026	1				0				000000000000000000	1007								0		0	00000000	
ROW197|700	003004362288	0001	E		000	00000000					000000	0000		0	25	0	0	TO	TO	000000000015000177	0	0					000000000000	0.0	X	0.0		X			1007	FRGU	1	1	0			FG01			1007	40	ZPFG	10.08.2026	10.08.2026	1					0.00		9004945850			1005		000000000000000000		0000000000	0000	0000000000	0000										25	10.08.2026	1				0				000000000000000000	1007								0		0	00000000	
ROW198|700	003004362312	0001	E		000	00000000					000000	0000		0	35	0	0	TO	TO	000000000015000177	0	0					000000000000	0.0	X	0.0		X			1304	FEGU	1	1	0			FG01			1304	40	ZPFG	10.08.2026	10.08.2026	1					0.00		9004945923			1309		000000000000000000		0000000000	0000	0000000000	0000										35	10.08.2026	1				0				000000000000000000	1304								0		0	00000000	
ROW199|700	003004362385	0001	E		000	00000000					000000	0000		0	42	0	0	TO	TO	000000000015000177	0	0					000000000000	0.0	X	0.0		X			1304	FEGU	1	1	0			FG01			1304	40	ZPFG	10.08.2026	10.08.2026	1					0.00		9004946069			1309		000000000000000000		0000000000	0000	0000000000	0000										42	10.08.2026	1				0				000000000000000000	1304								0		0	00000000	
