SESSION|QS4/700 located at connection[0] session[0]|user=QNOVATE8
SELFIELD|ctxtI1-LOW=003004300000
SELFIELD|ctxtI1-HIGH=003004365836
SELFIELD|ctxtI3-LOW=000000000015000177
TABLE|AFPO
TITLE|Data Browser: Table AFPO Select Entries        200
SBAR|Selection restricted to 200 hits
ALV|rows=200|cols=100
HDR|MANDT	AUFNR	POSNR	PSOBS	QUNUM	QUPOS	PROJN	PLNUM	STRMP	ETRMP	KDAUF	KDPOS	KDEIN	BESKZ	PSAMG	PSMNG	WEMNG	IAMNG	AMEIN	MEINS	MATNR	PAMNG	PGMNG	KNTTP	TPAUF	LTRMI	LTRMP	KALNR	UEBTO	UEBTK	UNTTO	INSMK	WEPOS	BWTAR	BWTTY	PWERK	LGORT	UMREZ	UMREN	WEBAZ	ELIKZ	SAFNR	VERID	SERNR	TECHS	DWERK	DAUTY	DAUAT	DGLTP	DGLTS	DFREI	DNREL	VERTO	SOBKZ	KZVBR	WEWRT	WEUNB	ABLAD	WEMPF	CHARG	GSBER	WEAED	CUOBJ	KBNKZ	ARSNR	ARSPS	KRSNR	KRSPS	KCKEY	RTP01	RTP02	RTP03	RTP04	KSVON	KSBIS	OBJNP	NDISR	VFMNG	GSBTR	KZAVC	KZBWS	XLOEK	SERNP	ANZSN	OBJTYPE	CH_PROC	FXPRU	CUOBJ_ROOT	BERID	TECHS_COPY	SGT_SCAT	KUNNR2	FSH_SEASON_YEAR	FSH_SEASON	FSH_COLLECTION	FSH_THEME	FSH_SALLOC_QTY	MILL_OC_AUFNR_U	MILL_OC_RUMNG	MILL_OC_SORT	
ROW0|700	003004300028	0001	E		000	00000000					000000	0000		0	42	0	0	TO	TO	000000000015000177	0	0					000000000000	0.0	X	0.0		X			1014	FJWN	1	1	0			FG01			1014	40	ZPFG	26.07.2026	26.07.2026	1					0.00		9004810105			1008		000000000000000000		0000000000	0000	0000000000	0000										42	26.07.2026	1				0				000000000000000000	1014								0		0	00000000	
ROW1|700	003004300297	0001	E		000	00000000					000000	0000		0	45	0	0	TO	TO	000000000015000177	0	0					000000000000	0.0	X	0.0		X			1304	FEGU	1	1	0			FG01			1304	40	ZPFG	26.07.2026	26.07.2026	1					0.00		9004810646			1309		000000000000000000		0000000000	0000	0000000000	0000										45	26.07.2026	1				0				000000000000000000	1304								0		0	00000000	
ROW2|700	003004300400	0001	E		000	00000000					000000	0000		0	1	0	0	TO	TO	000000000015000177	0	0					000000000000	0.0	X	0.0		X			1003	FRNC	1	1	0			FG01			1003	40	ZPFG	26.07.2026	26.07.2026	1					0.00		9004810813			1008		000000000000000000		0000000000	0000	0000000000	0000										1	26.07.2026	1				0				000000000000000000	1003								0		0	00000000	
ROW3|700	003004300401	0001	E		000	00000000					000000	0000		0	1	0	0	TO	TO	000000000015000177	0	0					000000000000	0.0	X	0.0		X			1003	FRNC	1	1	0			FG01			1003	40	ZPFG	26.07.2026	26.07.2026	1					0.00		9004810814			1008		000000000000000000		0000000000	0000	0000000000	0000										1	26.07.2026	1				0				000000000000000000	1003								0		0	00000000	
ROW4|700	003004300495	0001	E		000	00000000					000000	0000		0	45	0	0	TO	TO	000000000015000177	0	0					000000000000	0.0	X	0.0		X			1003	FRNC	1	1	0			FG01			1003	40	ZPFG	26.07.2026	26.07.2026	1					0.00		9004811067			1008		000000000000000000		0000000000	0000	0000000000	0000										45	26.07.2026	1				0				000000000000000000	1003								0		0	00000000	
ROW5|700	003004300661	0001	E		000	00000000					000000	0000		0	38	0	0	TO	TO	000000000015000177	0	0					000000000000	0.0	X	0.0		X			1014	FJWN	1	1	0			FG01			1014	40	ZPFG	26.07.2026	26.07.2026	1					0.00		9004811413			1008		000000000000000000		0000000000	0000	0000000000	0000										38	26.07.2026	1				0				000000000000000000	1014								0		0	00000000	
ROW6|700	003004300833	0001	E		000	00000000					000000	0000		0	45	0	0	TO	TO	000000000015000177	0	0					000000000000	0.0	X	0.0		X			1014	FJWN	1	1	0			FG01			1014	40	ZPFG	26.07.2026	26.07.2026	1					0.00		9004811865			1008		000000000000000000		0000000000	0000	0000000000	0000										45	26.07.2026	1				0				000000000000000000	1014								0		0	00000000	
ROW7|700	003004300835	0001	E		000	00000000					000000	0000		0	45	0	0	TO	TO	000000000015000177	0	0					000000000000	0.0	X	0.0		X			1014	FJWN	1	1	0			FG01			1014	40	ZPFG	26.07.2026	26.07.2026	1					0.00		9004811867			1008		000000000000000000		0000000000	0000	0000000000	0000										45	26.07.2026	1				0				000000000000000000	1014								0		0	00000000	
ROW8|700	003004301102	0001	E		000	00000000					000000	0000		0	50	0	0	TO	TO	000000000015000177	0	0					000000000000	0.0	X	0.0		X			1004	FNWL	1	1	0			FG01			1004	40	ZPFG	26.07.2026	26.07.2026	1					0.00		9004812610			1008		000000000000000000		0000000000	0000	0000000000	0000										50	26.07.2026	1				0				000000000000000000	1004								0		0	00000000	
ROW9|700	003004301147	0001	E		000	00000000					000000	0000		0	45	0	0	TO	TO	000000000015000177	0	0					000000000000	0.0	X	0.0		X			1003	FRNC	1	1	0			FG01			1003	40	ZPFG	26.07.2026	26.07.2026	1					0.00		9004812670			1008		000000000000000000		0000000000	0000	0000000000	0000										45	26.07.2026	1				0				000000000000000000	1003								0		0	00000000	
ROW10|700	003004301150	0001	E		000	00000000					000000	0000		0	45	0	0	TO	TO	000000000015000177	0	0					000000000000	0.0	X	0.0		X			1003	FRNC	1	1	0			FG01			1003	40	ZPFG	26.07.2026	26.07.2026	1					0.00		9004812673			1008		000000000000000000		0000000000	0000	0000000000	0000										45	26.07.2026	1				0				000000000000000000	1003								0		0	00000000	
ROW11|700	003004301223	0001	E		000	00000000					000000	0000		0	41	0	0	TO	TO	000000000015000177	0	0					000000000000	0.0	X	0.0		X			1304	FEGU	1	1	0			FG01			1304	40	ZPFG	26.07.2026	26.07.2026	1					0.00		9004812839			1309		000000000000000000		0000000000	0000	0000000000	0000										41	26.07.2026	1				0				000000000000000000	1304								0		0	00000000	
ROW12|700	003004301236	0001	E		000	00000000					000000	0000		0	38	0	0	TO	TO	000000000015000177	0	0					000000000000	0.0	X	0.0		X			1014	FJWN	1	1	0			FG01			1014	40	ZPFG	26.07.2026	26.07.2026	1					0.00		9004812856			1008		000000000000000000		0000000000	0000	0000000000	0000										38	26.07.2026	1				0				000000000000000000	1014								0		0	00000000	
ROW13|700	003004301437	0001	E		000	00000000					000000	0000		0	50	0	0	TO	TO	000000000015000177	0	0					000000000000	0.0	X	0.0		X			1009	FBCU	1	1	0			FG01			1009	40	ZPFG	27.07.2026	27.07.2026	1					0.00		9004813529			1008		000000000000000000		0000000000	0000	0000000000	0000										50	27.07.2026	1				0				000000000000000000	1009								0		0	00000000	
ROW14|700	003004301454	0001	E		000	00000000					000000	0000		0	42	0	0	TO	TO	000000000015000177	0	0					000000000000	0.0	X	0.0		X			1004	FNWL	1	1	0			FG01			1004	40	ZPFG	27.07.2026	27.07.2026	1					0.00		9004813558			1008		000000000000000000		0000000000	0000	0000000000	0000										42	27.07.2026	1				0				000000000000000000	1004								0		0	00000000	
ROW15|700	003004302024	0001	E		000	00000000					000000	0000		0	45	0	0	TO	TO	000000000015000177	0	0					000000000000	0.0	X	0.0		X			1014	FJWN	1	1	0			FG01			1014	40	ZPFG	27.07.2026	27.07.2026	1					0.00		9004814958			1008		000000000000000000		0000000000	0000	0000000000	0000										45	27.07.2026	1				0				000000000000000000	1014								0		0	00000000	
ROW16|700	003004302025	0001	E		000	00000000					000000	0000		0	45	0	0	TO	TO	000000000015000177	0	0					000000000000	0.0	X	0.0		X			1014	FJWN	1	1	0			FG01			1014	40	ZPFG	27.07.2026	27.07.2026	1					0.00		9004814960			1008		000000000000000000		0000000000	0000	0000000000	0000										45	27.07.2026	1				0				000000000000000000	1014								0		0	00000000	
ROW17|700	003004302043	0001	E		000	00000000					000000	0000		0	40	0	0	TO	TO	000000000015000177	0	0					000000000000	0.0	X	0.0		X			1010	FUPG	1	1	0			FG01			1010	40	ZPFG	27.07.2026	27.07.2026	1					0.00		9004814999			1009		000000000000000000		0000000000	0000	0000000000	0000										40	27.07.2026	1				0				000000000000000000	1010								0		0	00000000	
ROW18|700	003004302115	0001	E		000	00000000					000000	0000		0	42	0	0	TO	TO	000000000015000177	0	0					000000000000	0.0	X	0.0		X			1014	FJWN	1	1	0			FG01			1014	40	ZPFG	27.07.2026	27.07.2026	1					0.00		9004815100			1008		000000000000000000		0000000000	0000	0000000000	0000										42	27.07.2026	1				0				000000000000000000	1014								0		0	00000000	
ROW19|700	003004302176	0001	E		000	00000000					000000	0000		0	42	0	0	TO	TO	000000000015000177	0	0					000000000000	0.0	X	0.0		X			1000	FBWR	1	1	0			FG01			1000	40	ZPFG	27.07.2026	27.07.2026	1					0.00		9004815190			1008		000000000000000000		0000000000	0000	0000000000	0000										42	27.07.2026	1				0				000000000000000000	1000								0		0	00000000	
ROW20|700	003004302304	0001	E		000	00000000					000000	0000		0	38	0	0	TO	TO	000000000015000177	0	0					000000000000	0.0	X	0.0		X			1014	FJWN	1	1	0			FG01			1014	40	ZPFG	27.07.2026	27.07.2026	1					0.00		9004815477			1008		000000000000000000		0000000000	0000	0000000000	0000										38	27.07.2026	1				0				000000000000000000	1014								0		0	00000000	
ROW21|700	003004302414	0001	E		000	00000000					000000	0000		0	50	0	0	TO	TO	000000000015000177	0	0					000000000000	0.0	X	0.0		X			1004	FNWL	1	1	0			FG01			1004	40	ZPFG	27.07.2026	27.07.2026	1					0.00		9004815709			1008		000000000000000000		0000000000	0000	0000000000	0000										50	27.07.2026	1				0				000000000000000000	1004								0		0	00000000	
ROW22|700	003004302462	0001	E		000	00000000					000000	0000		0	25	0	0	TO	TO	000000000015000177	0	0					000000000000	0.0	X	0.0		X			1010	FUPG	1	1	0			FG01			1010	40	ZPFG	27.07.2026	27.07.2026	1					0.00		9004815816			1009		000000000000000000		0000000000	0000	0000000000	0000										25	27.07.2026	1				0				000000000000000000	1010								0		0	00000000	
ROW23|700	003004302467	0001	E		000	00000000					000000	0000		0	30	0	0	TO	TO	000000000015000177	0	0					000000000000	0.0	X	0.0		X			1010	FUPG	1	1	0			FG01			1010	40	ZPFG	27.07.2026	27.07.2026	1					0.00		9004815822			1009		000000000000000000		0000000000	0000	0000000000	0000										30	27.07.2026	1				0				000000000000000000	1010								0		0	00000000	
ROW24|700	003004302647	0001	E		000	00000000					000000	0000		0	45	0	0	TO	TO	000000000015000177	0	0					000000000000	0.0	X	0.0		X			1004	FNWL	1	1	0			FG01			1004	40	ZPFG	27.07.2026	27.07.2026	1					0.00		9004816120			1008		000000000000000000		0000000000	0000	0000000000	0000										45	27.07.2026	1				0				000000000000000000	1004								0		0	00000000	
ROW25|700	003004302649	0001	E		000	00000000					000000	0000		0	41	0	0	TO	TO	000000000015000177	0	0					000000000000	0.0	X	0.0		X			1004	FNWL	1	1	0			FG01			1004	40	ZPFG	27.07.2026	27.07.2026	1					0.00		9004816123			1008		000000000000000000		0000000000	0000	0000000000	0000										41	27.07.2026	1				0				000000000000000000	1004								0		0	00000000	
ROW26|700	003004302650	0001	E		000	00000000					000000	0000		0	42	0	0	TO	TO	000000000015000177	0	0					000000000000	0.0	X	0.0		X			1004	FNWL	1	1	0			FG01			1004	40	ZPFG	27.07.2026	27.07.2026	1					0.00		9004816124			1008		000000000000000000		0000000000	0000	0000000000	0000										42	27.07.2026	1				0				000000000000000000	1004								0		0	00000000	
ROW27|700	003004302787	0001	E		000	00000000					000000	0000		0	50	0	0	TO	TO	000000000015000177	0	0					000000000000	0.0	X	0.0		X			1007	FRGU	1	1	0			FG01			1007	40	ZPFG	27.07.2026	27.07.2026	1					0.00		9004816328			1005		000000000000000000		0000000000	0000	0000000000	0000										50	27.07.2026	1				0				000000000000000000	1007								0		0	00000000	
ROW28|700	003004302980	0001	E		000	00000000					000000	0000		0	32	0	0	TO	TO	000000000015000177	0	0					000000000000	0.0	X	0.0		X			1304	FEGU	1	1	0			FG01			1304	40	ZPFG	27.07.2026	27.07.2026	1					0.00		9004816668			1309		000000000000000000		0000000000	0000	0000000000	0000										32	27.07.2026	1				0				000000000000000000	1304								0		0	00000000	
ROW29|700	003004303086	0001	E		000	00000000					000000	0000		0	50	0	0	TO	TO	000000000015000177	0	0					000000000000	0.0	X	0.0		X			1004	FNWL	1	1	0			FG01			1004	40	ZPFG	27.07.2026	27.07.2026	1					0.00		9004816871			1008		000000000000000000		0000000000	0000	0000000000	0000										50	27.07.2026	1				0				000000000000000000	1004								0		0	00000000	
ROW30|700	003004303115	0001	E		000	00000000					000000	0000		0	2	0	0	TO	TO	000000000015000177	0	0					000000000000	0.0	X	0.0		X			1304	FEGU	1	1	0			FG01			1304	40	ZPFG	27.07.2026	27.07.2026	1					0.00		9004816944			1309		000000000000000000		0000000000	0000	0000000000	0000										2	27.07.2026	1				0				000000000000000000	1304								0		0	00000000	
ROW31|700	003004303237	0001	E		000	00000000					000000	0000		0	25	0	0	TO	TO	000000000015000177	0	0					000000000000	0.0	X	0.0		X			1014	FJWN	1	1	0			FG01			1014	40	ZPFG	27.07.2026	27.07.2026	1					0.00		9004817441			1008		000000000000000000		0000000000	0000	0000000000	0000										25	27.07.2026	1				0				000000000000000000	1014								0		0	00000000	
ROW32|700	003004303358	0001	E		000	00000000					000000	0000		0	42	0	0	TO	TO	000000000015000177	0	0					000000000000	0.0	X	0.0		X			1006	FJGU	1	1	0			FG01			1006	40	ZPFG	27.07.2026	27.07.2026	1					0.00		9004817648			1008		000000000000000000		0000000000	0000	0000000000	0000										42	27.07.2026	1				0				000000000000000000	1006								0		0	00000000	
ROW33|700	003004303388	0001	E		000	00000000					000000	0000		0	1	0	0	TO	TO	000000000015000177	0	0					000000000000	0.0	X	0.0		X			1046	FNRC	1	1	0			FG01			1046	40	ZPFG	27.07.2026	27.07.2026	1					0.00		9004817708			1022		000000000000000000		0000000000	0000	0000000000	0000										1	27.07.2026	1				0				000000000000000000	1046								0		0	00000000	
ROW34|700	003004303389	0001	E		000	00000000					000000	0000		0	0.750	0	0	TO	TO	000000000015000177	0	0					000000000000	0.0	X	0.0		X			1046	FNRC	1	1	0			FG01			1046	40	ZPFG	27.07.2026	27.07.2026	1					0.00		9004817709			1022		000000000000000000		0000000000	0000	0000000000	0000										0.750	27.07.2026	1				0				000000000000000000	1046								0		0	00000000	
ROW35|700	003004303413	0001	E		000	00000000					000000	0000		0	45	0	0	TO	TO	000000000015000177	0	0					000000000000	0.0	X	0.0		X			1005	FKGU	1	1	0			FG01			1005	40	ZPFG	27.07.2026	27.07.2026	1					0.00		9004817758			1008		000000000000000000		0000000000	0000	0000000000	0000										45	27.07.2026	1				0				000000000000000000	1005								0		0	00000000	
ROW36|700	003004303414	0001	E		000	00000000					000000	0000		0	45	0	0	TO	TO	000000000015000177	0	0					000000000000	0.0	X	0.0		X			1005	FKGU	1	1	0			FG01			1005	40	ZPFG	27.07.2026	27.07.2026	1					0.00		9004817759			1008		000000000000000000		0000000000	0000	0000000000	0000										45	27.07.2026	1				0				000000000000000000	1005								0		0	00000000	
ROW37|700	003004303459	0001	E		000	00000000					000000	0000		0	0.750	0	0	TO	TO	000000000015000177	0	0					000000000000	0.0	X	0.0		X			1046	FNRC	1	1	0			FG01			1046	40	ZPFG	27.07.2026	27.07.2026	1					0.00		9004817904			1022		000000000000000000		0000000000	0000	0000000000	0000										0.750	27.07.2026	1				0				000000000000000000	1046								0		0	00000000	
ROW38|700	003004303501	0001	E		000	00000000					000000	0000		0	42	0	0	TO	TO	000000000015000177	0	0					000000000000	0.0	X	0.0		X			1003	FRNC	1	1	0			FG01			1003	40	ZPFG	27.07.2026	27.07.2026	1					0.00		9004817981			1008		000000000000000000		0000000000	0000	0000000000	0000										42	27.07.2026	1				0				000000000000000000	1003								0		0	00000000	
ROW39|700	003004303719	0001	E		000	00000000					000000	0000		0	65	0	0	TO	TO	000000000015000177	0	0					000000000000	0.0	X	0.0		X			1004	FNWL	1	1	0			FG01			1004	40	ZPFG	27.07.2026	27.07.2026	1					0.00		9004818349			1008		000000000000000000		0000000000	0000	0000000000	0000										65	27.07.2026	1				0				000000000000000000	1004								0		0	00000000	
ROW40|700	003004303721	0001	E		000	00000000					000000	0000		0	50	0	0	TO	TO	000000000015000177	0	0					000000000000	0.0	X	0.0		X			1004	FNWL	1	1	0			FG01			1004	40	ZPFG	27.07.2026	27.07.2026	1					0.00		9004818351			1008		000000000000000000		0000000000	0000	0000000000	0000										50	27.07.2026	1				0				000000000000000000	1004								0		0	00000000	
ROW41|700	003004303731	0001	E		000	00000000					000000	0000		0	42	0	0	TO	TO	000000000015000177	0	0					000000000000	0.0	X	0.0		X			1014	FJWN	1	1	0			FG01			1014	40	ZPFG	27.07.2026	27.07.2026	1					0.00		9004818364			1008		000000000000000000		0000000000	0000	0000000000	0000										42	27.07.2026	1				0				000000000000000000	1014								0		0	00000000	
ROW42|700	003004303821	0001	E		000	00000000					000000	0000		0	45	0	0	TO	TO	000000000015000177	0	0					000000000000	0.0	X	0.0		X			1004	FNWL	1	1	0			FG01			1004	40	ZPFG	27.07.2026	27.07.2026	1					0.00		9004818537			1008		000000000000000000		0000000000	0000	0000000000	0000										45	27.07.2026	1				0				000000000000000000	1004								0		0	00000000	
ROW43|700	003004304026	0001	E		000	00000000					000000	0000		0	45	0	0	TO	TO	000000000015000177	0	0					000000000000	0.0	X	0.0		X			1014	FJWN	1	1	0			FG01			1014	40	ZPFG	27.07.2026	27.07.2026	1					0.00		9004818969			1008		000000000000000000		0000000000	0000	0000000000	0000										45	27.07.2026	1				0				000000000000000000	1014								0		0	00000000	
ROW44|700	003004304125	0001	E		000	00000000					000000	0000		0	45	0	0	TO	TO	000000000015000177	0	0					000000000000	0.0	X	0.0		X			1004	FNWL	1	1	0			FG01			1004	40	ZPFG	27.07.2026	27.07.2026	1					0.00		9004819168			1008		000000000000000000		0000000000	0000	0000000000	0000										45	27.07.2026	1				0				000000000000000000	1004								0		0	00000000	
ROW45|700	003004304194	0001	E		000	00000000					000000	0000		0	43	0	0	TO	TO	000000000015000177	0	0					000000000000	0.0	X	0.0		X			1010	FUPG	1	1	0			FG01			1010	40	ZPFG	27.07.2026	27.07.2026	1					0.00		9004819293			1009		000000000000000000		0000000000	0000	0000000000	0000										43	27.07.2026	1				0				000000000000000000	1010								0		0	00000000	
ROW46|700	003004304196	0001	E		000	00000000					000000	0000		0	45	0	0	TO	TO	000000000015000177	0	0					000000000000	0.0	X	0.0		X			1004	FNWL	1	1	0			FG01			1004	40	ZPFG	27.07.2026	27.07.2026	1					0.00		9004819294			1008		000000000000000000		0000000000	0000	0000000000	0000										45	27.07.2026	1				0				000000000000000000	1004								0		0	00000000	
ROW47|700	003004304360	0001	E		000	00000000					000000	0000		0	40	0	0	TO	TO	000000000015000177	0	0					000000000000	0.0	X	0.0		X			1014	FJWN	1	1	0			FG01			1014	40	ZPFG	27.07.2026	27.07.2026	1					0.00		9004819634			1008		000000000000000000		0000000000	0000	0000000000	0000										40	27.07.2026	1				0				000000000000000000	1014								0		0	00000000	
ROW48|700	003004304379	0001	E		000	00000000					000000	0000		0	22	0	0	TO	TO	000000000015000177	0	0					000000000000	0.0	X	0.0		X			1007	FRGU	1	1	0			FG01			1007	40	ZPFG	27.07.2026	27.07.2026	1					0.00		9004819680			1005		000000000000000000		0000000000	0000	0000000000	0000										22	27.07.2026	1				0				000000000000000000	1007								0		0	00000000	
ROW49|700	003004304380	0001	E		000	00000000					000000	0000		0	18	0	0	TO	TO	000000000015000177	0	0					000000000000	0.0	X	0.0		X			1007	FRGU	1	1	0			FG01			1007	40	ZPFG	27.07.2026	27.07.2026	1					0.00		9004819682			1005		000000000000000000		0000000000	0000	0000000000	0000										18	27.07.2026	1				0				000000000000000000	1007								0		0	00000000	
ROW50|700	003004304577	0001	E		000	00000000					000000	0000		0	40	0	0	TO	TO	000000000015000177	0	0					000000000000	0.0	X	0.0		X			1040	FRPR	1	1	0			FG01			1040	40	ZPFG	27.07.2026	27.07.2026		X				0.00		9004820081			1022		000000000000000000		0000000000	0000	0000000000	0000										0	31.12.9999	1				0				000000000000000000	1040								0		0	00000000	
ROW51|700	003004304699	0001	E		000	00000000					000000	0000		0	0.250	0	0	TO	TO	000000000015000177	0	0					000000000000	0.0	X	0.0		X			1042	FNBC	1	1	0			FG01			1042	40	ZPFG	27.07.2026	27.07.2026	1					0.00		9004820362			1010		000000000000000000		0000000000	0000	0000000000	0000										0.250	27.07.2026	1				0				000000000000000000	1042								0		0	00000000	
ROW52|700	003004304734	0001	E		000	00000000					000000	0000		0	12	0	0	TO	TO	000000000015000177	0	0					000000000000	0.0	X	0.0		X			1014	FJWN	1	1	0			FG01			1014	40	ZPFG	27.07.2026	27.07.2026	1					0.00		9004820444			1008		000000000000000000		0000000000	0000	0000000000	0000										12	27.07.2026	1				0				000000000000000000	1014								0		0	00000000	
ROW53|700	003004304749	0001	E		000	00000000					000000	0000		0	12	0	0	TO	TO	000000000015000177	0	0					000000000000	0.0	X	0.0		X			1014	FJWN	1	1	0			FG01			1014	40	ZPFG	27.07.2026	27.07.2026	1					0.00		9004820503			1008		000000000000000000		0000000000	0000	0000000000	0000										12	27.07.2026	1				0				000000000000000000	1014								0		0	00000000	
ROW54|700	003004304780	0001	E		000	00000000					000000	0000		0	22	0	0	TO	TO	000000000015000177	0	0					000000000000	0.0	X	0.0		X			1007	FRGU	1	1	0			FG01			1007	40	ZPFG	27.07.2026	27.07.2026	1					0.00		9004820555			1005		000000000000000000		0000000000	0000	0000000000	0000										22	27.07.2026	1				0				000000000000000000	1007								0		0	00000000	
ROW55|700	003004304782	0001	E		000	00000000					000000	0000		0	18	0	0	TO	TO	000000000015000177	0	0					000000000000	0.0	X	0.0		X			1007	FRGU	1	1	0			FG01			1007	40	ZPFG	27.07.2026	27.07.2026	1					0.00		9004820557			1005		000000000000000000		0000000000	0000	0000000000	0000										18	27.07.2026	1				0				000000000000000000	1007								0		0	00000000	
ROW56|700	003004304805	0001	E		000	00000000					000000	0000		0	38	0	0	TO	TO	000000000015000177	0	0					000000000000	0.0	X	0.0		X			1006	FJGU	1	1	0			FG01			1006	40	ZPFG	27.07.2026	27.07.2026	1					0.00		9004820624			1008		000000000000000000		0000000000	0000	0000000000	0000										38	27.07.2026	1				0				000000000000000000	1006								0		0	00000000	
ROW57|700	003004304813	0001	E		000	00000000					000000	0000		0	45	0	0	TO	TO	000000000015000177	0	0					000000000000	0.0	X	0.0		X			1004	FNWL	1	1	0			FG01			1004	40	ZPFG	27.07.2026	27.07.2026	1					0.00		9004820636			1008		000000000000000000		0000000000	0000	0000000000	0000										45	27.07.2026	1				0				000000000000000000	1004								0		0	00000000	
ROW58|700	003004305073	0001	E		000	00000000					000000	0000		0	20	0	0	TO	TO	000000000015000177	0	0					000000000000	0.0	X	0.0		X			1014	FJWN	1	1	0			FG01			1014	40	ZPFG	27.07.2026	27.07.2026	1					0.00		9004821049			1008		000000000000000000		0000000000	0000	0000000000	0000										20	27.07.2026	1				0				000000000000000000	1014								0		0	00000000	
ROW59|700	003004305179	0001	E		000	00000000					000000	0000		0	40	0	0	TO	TO	000000000015000177	0	0					000000000000	0.0	X	0.0		X			1004	FNWL	1	1	0			FG01			1004	40	ZPFG	27.07.2026	27.07.2026	1					0.00		9004821261			1008		000000000000000000		0000000000	0000	0000000000	0000										40	27.07.2026	1				0				000000000000000000	1004								0		0	00000000	
ROW60|700	003004305199	0001	E		000	00000000					000000	0000		0	50	0	0	TO	TO	000000000015000177	0	0					000000000000	0.0	X	0.0		X			1004	FNWL	1	1	0			FG01			1004	40	ZPFG	27.07.2026	27.07.2026	1					0.00		9004821296			1008		000000000000000000		0000000000	0000	0000000000	0000										50	27.07.2026	1				0				000000000000000000	1004								0		0	00000000	
ROW61|700	003004305201	0001	E		000	00000000					000000	0000		0	50	0	0	TO	TO	000000000015000177	0	0					000000000000	0.0	X	0.0		X			1004	FNWL	1	1	0			FG01			1004	40	ZPFG	27.07.2026	27.07.2026	1					0.00		9004821300			1008		000000000000000000		0000000000	0000	0000000000	0000										50	27.07.2026	1				0				000000000000000000	1004								0		0	00000000	
ROW62|700	003004305209	0001	E		000	00000000					000000	0000		0	10	0	0	TO	TO	000000000015000177	0	0					000000000000	0.0	X	0.0		X			1014	FJWN	1	1	0			FG01			1014	40	ZPFG	27.07.2026	27.07.2026	1					0.00		9004821309			1008		000000000000000000		0000000000	0000	0000000000	0000										10	27.07.2026	1				0				000000000000000000	1014								0		0	00000000	
ROW63|700	003004305471	0001	E		000	00000000					000000	0000		0	42	0	0	TO	TO	000000000015000177	0	0					000000000000	0.0	X	0.0		X			1004	FNWL	1	1	0			FG01			1004	40	ZPFG	27.07.2026	27.07.2026	1					0.00		9004821750			1008		000000000000000000		0000000000	0000	0000000000	0000										42	27.07.2026	1				0				000000000000000000	1004								0		0	00000000	
ROW64|700	003004305483	0001	E		000	00000000					000000	0000		0	40	0	0	TO	TO	000000000015000177	0	0					000000000000	0.0	X	0.0		X			1040	FRPR	1	1	0			FG01			1040	40	ZPFG	27.07.2026	27.07.2026		X				0.00		9004821777			1022		000000000000000000		0000000000	0000	0000000000	0000										0	31.12.9999	1				0				000000000000000000	1040								0		0	00000000	
ROW65|700	003004305540	0001	E		000	00000000					000000	0000		0	40	0	0	TO	TO	000000000015000177	0	0					000000000000	0.0	X	0.0		X			1040	FRPR	1	1	0			FG01			1040	40	ZPFG	27.07.2026	27.07.2026		X				0.00		9004821914			1022		000000000000000000		0000000000	0000	0000000000	0000										0	31.12.9999	1				0				000000000000000000	1040								0		0	00000000	
ROW66|700	003004305608	0001	E		000	00000000					000000	0000		0	40	0	0	TO	TO	000000000015000177	0	0					000000000000	0.0	X	0.0		X			1040	FRPR	1	1	0			FG01			1040	40	ZPFG	27.07.2026	27.07.2026		X				0.00		9004822060			1022		000000000000000000		0000000000	0000	0000000000	0000										0	31.12.9999	1				0				000000000000000000	1040								0		0	00000000	
ROW67|700	003004305723	0001	E		000	00000000					000000	0000		0	42	0	0	TO	TO	000000000015000177	0	0					000000000000	0.0	X	0.0		X			1014	FJWN	1	1	0			FG01			1014	40	ZPFG	27.07.2026	27.07.2026	1					0.00		9004822338			1008		000000000000000000		0000000000	0000	0000000000	0000										42	27.07.2026	1				0				000000000000000000	1014								0		0	00000000	
ROW68|700	003004305808	0001	E		000	00000000					000000	0000		0	50	0	0	TO	TO	000000000015000177	0	0					000000000000	0.0	X	0.0		X			1010	FUPG	1	1	0			FG01			1010	40	ZPFG	27.07.2026	27.07.2026	1					0.00		9004822503			1009		000000000000000000		0000000000	0000	0000000000	0000										50	27.07.2026	1				0				000000000000000000	1010								0		0	00000000	
ROW69|700	003004305829	0001	E		000	00000000					000000	0000		0	43	0	0	TO	TO	000000000015000177	0	0					000000000000	0.0	X	0.0		X			1003	FRNC	1	1	0			FG01			1003	40	ZPFG	27.07.2026	27.07.2026	1					0.00		9004822552			1008		000000000000000000		0000000000	0000	0000000000	0000										43	27.07.2026	1				0				000000000000000000	1003								0		0	00000000	
ROW70|700	003004305848	0001	E		000	00000000					000000	0000		0	45	0	0	TO	TO	000000000015000177	0	0					000000000000	0.0	X	0.0		X			1003	FRNC	1	1	0			FG01			1003	40	ZPFG	27.07.2026	27.07.2026	1					0.00		9004822573			1008		000000000000000000		0000000000	0000	0000000000	0000										45	27.07.2026	1				0				000000000000000000	1003								0		0	00000000	
ROW71|700	003004305849	0001	E		000	00000000					000000	0000		0	45	0	0	TO	TO	000000000015000177	0	0					000000000000	0.0	X	0.0		X			1003	FRNC	1	1	0			FG01			1003	40	ZPFG	27.07.2026	27.07.2026	1					0.00		9004822574			1008		000000000000000000		0000000000	0000	0000000000	0000										45	27.07.2026	1				0				000000000000000000	1003								0		0	00000000	
ROW72|700	003004306171	0001	E		000	00000000					000000	0000		0	45	0	0	TO	TO	000000000015000177	0	0					000000000000	0.0	X	0.0		X			1003	FRNC	1	1	0			FG01			1003	40	ZPFG	28.07.2026	28.07.2026	1					0.00		9004823400			1008		000000000000000000		0000000000	0000	0000000000	0000										45	28.07.2026	1				0				000000000000000000	1003								0		0	00000000	
ROW73|700	003004306232	0001	E		000	00000000					000000	0000		0	5	0	0	TO	TO	000000000015000177	0	0					000000000000	0.0	X	0.0		X			1304	FEGU	1	1	0			FG01			1304	40	ZPFG	28.07.2026	28.07.2026	1					0.00		9004823617			1309		000000000000000000		0000000000	0000	0000000000	0000										5	28.07.2026	1				0				000000000000000000	1304								0		0	00000000	
ROW74|700	003004306233	0001	E		000	00000000					000000	0000		0	40	0	0	TO	TO	000000000015000177	0	0					000000000000	0.0	X	0.0		X			1304	FEGU	1	1	0			FG01			1304	40	ZPFG	28.07.2026	28.07.2026	1					0.00		9004823620			1309		000000000000000000		0000000000	0000	0000000000	0000										40	28.07.2026	1				0				000000000000000000	1304								0		0	00000000	
ROW75|700	003004306677	0001	E		000	00000000					000000	0000		0	35	0	0	TO	TO	000000000015000177	0	0					000000000000	0.0	X	0.0		X			1014	FJWN	1	1	0			FG01			1014	40	ZPFG	28.07.2026	28.07.2026	1					0.00		9004824511			1008		000000000000000000		0000000000	0000	0000000000	0000										35	28.07.2026	1				0				000000000000000000	1014								0		0	00000000	
ROW76|700	003004306793	0001	E		000	00000000					000000	0000		0	45	0	0	TO	TO	000000000015000177	0	0					000000000000	0.0	X	0.0		X			1006	FJGU	1	1	0			FG01			1006	40	ZPFG	28.07.2026	28.07.2026	1					0.00		9004824758			1008		000000000000000000		0000000000	0000	0000000000	0000										45	28.07.2026	1				0				000000000000000000	1006								0		0	00000000	
ROW77|700	003004306802	0001	E		000	00000000					000000	0000		0	42	0	0	TO	TO	000000000015000177	0	0					000000000000	0.0	X	0.0		X			1004	FNWL	1	1	0			FG01			1004	40	ZPFG	28.07.2026	28.07.2026	1					0.00		9004824782			1008		000000000000000000		0000000000	0000	0000000000	0000										42	28.07.2026	1				0				000000000000000000	1004								0		0	00000000	
ROW78|700	003004306879	0001	E		000	00000000					000000	0000		0	45	0	0	TO	TO	000000000015000177	0	0					000000000000	0.0	X	0.0		X			1006	FJGU	1	1	0			FG01			1006	40	ZPFG	28.07.2026	28.07.2026	1					0.00		9004824934			1008		000000000000000000		0000000000	0000	0000000000	0000										45	28.07.2026	1				0				000000000000000000	1006								0		0	00000000	
ROW79|700	003004306936	0001	E		000	00000000					000000	0000		0	45	0	0	TO	TO	000000000015000177	0	0					000000000000	0.0	X	0.0		X			1003	FRNC	1	1	0			FG01			1003	40	ZPFG	28.07.2026	28.07.2026	1					0.00		9004825034			1008		000000000000000000		0000000000	0000	0000000000	0000										45	28.07.2026	1				0				000000000000000000	1003								0		0	00000000	
ROW80|700	003004306938	0001	E		000	00000000					000000	0000		0	45	0	0	TO	TO	000000000015000177	0	0					000000000000	0.0	X	0.0		X			1003	FRNC	1	1	0			FG01			1003	40	ZPFG	28.07.2026	28.07.2026	1					0.00		9004825037			1008		000000000000000000		0000000000	0000	0000000000	0000										45	28.07.2026	1				0				000000000000000000	1003								0		0	00000000	
ROW81|700	003004306941	0001	E		000	00000000					000000	0000		0	45	0	0	TO	TO	000000000015000177	0	0					000000000000	0.0	X	0.0		X			1003	FRNC	1	1	0			FG01			1003	40	ZPFG	28.07.2026	28.07.2026	1					0.00		9004825039			1008		000000000000000000		0000000000	0000	0000000000	0000										45	28.07.2026	1				0				000000000000000000	1003								0		0	00000000	
ROW82|700	003004306942	0001	E		000	00000000					000000	0000		0	42	0	0	TO	TO	000000000015000177	0	0					000000000000	0.0	X	0.0		X			1003	FRNC	1	1	0			FG01			1003	40	ZPFG	28.07.2026	28.07.2026	1					0.00		9004825040			1008		000000000000000000		0000000000	0000	0000000000	0000										42	28.07.2026	1				0				000000000000000000	1003								0		0	00000000	
ROW83|700	003004306949	0001	E		000	00000000					000000	0000		0	35	0	0	TO	TO	000000000015000177	0	0					000000000000	0.0	X	0.0		X			1003	FRNC	1	1	0			FG01			1003	40	ZPFG	28.07.2026	28.07.2026	1					0.00		9004825047			1008		000000000000000000		0000000000	0000	0000000000	0000										35	28.07.2026	1				0				000000000000000000	1003								0		0	00000000	
ROW84|700	003004306981	0001	E		000	00000000					000000	0000		0	35	0	0	TO	TO	000000000015000177	0	0					000000000000	0.0	X	0.0		X			1040	FRPR	1	1	0			FG01			1040	40	ZPFG	28.07.2026	28.07.2026		X				0.00		9004825115			1022		000000000000000000		0000000000	0000	0000000000	0000										0	31.12.9999	1				0				000000000000000000	1040								0		0	00000000	
ROW85|700	003004307014	0001	E		000	00000000					000000	0000		0	50	0	0	TO	TO	000000000015000177	0	0					000000000000	0.0	X	0.0		X			1004	FNWL	1	1	0			FG01			1004	40	ZPFG	28.07.2026	28.07.2026	1					0.00		9004825163			1008		000000000000000000		0000000000	0000	0000000000	0000										50	28.07.2026	1				0				000000000000000000	1004								0		0	00000000	
ROW86|700	003004307018	0001	E		000	00000000					000000	0000		0	50	0	0	TO	TO	000000000015000177	0	0					000000000000	0.0	X	0.0		X			1004	FNWL	1	1	0			FG01			1004	40	ZPFG	28.07.2026	28.07.2026	1					0.00		9004825167			1008		000000000000000000		0000000000	0000	0000000000	0000										50	28.07.2026	1				0				000000000000000000	1004								0		0	00000000	
ROW87|700	003004307021	0001	E		000	00000000					000000	0000		0	50	0	0	TO	TO	000000000015000177	0	0					000000000000	0.0	X	0.0		X			1004	FNWL	1	1	0			FG01			1004	40	ZPFG	28.07.2026	28.07.2026	1					0.00		9004825170			1008		000000000000000000		0000000000	0000	0000000000	0000										50	28.07.2026	1				0				000000000000000000	1004								0		0	00000000	
ROW88|700	003004307026	0001	E		000	00000000					000000	0000		0	50	0	0	TO	TO	000000000015000177	0	0					000000000000	0.0	X	0.0		X			1004	FNWL	1	1	0			FG01			1004	40	ZPFG	28.07.2026	28.07.2026	1					0.00		9004825179			1008		000000000000000000		0000000000	0000	0000000000	0000										50	28.07.2026	1				0				000000000000000000	1004								0		0	00000000	
ROW89|700	003004307031	0001	E		000	00000000					000000	0000		0	50	0	0	TO	TO	000000000015000177	0	0					000000000000	0.0	X	0.0		X			1004	FNWL	1	1	0			FG01			1004	40	ZPFG	28.07.2026	28.07.2026	1					0.00		9004825185			1008		000000000000000000		0000000000	0000	0000000000	0000										50	28.07.2026	1				0				000000000000000000	1004								0		0	00000000	
ROW90|700	003004307238	0001	E		000	00000000					000000	0000		0	42	0	0	TO	TO	000000000015000177	0	0					000000000000	0.0	X	0.0		X			1004	FNWL	1	1	0			FG01			1004	40	ZPFG	28.07.2026	28.07.2026	1					0.00		9004825580			1008		000000000000000000		0000000000	0000	0000000000	0000										42	28.07.2026	1				0				000000000000000000	1004								0		0	00000000	
ROW91|700	003004307349	0001	E		000	00000000					000000	0000		0	40	0	0	TO	TO	000000000015000177	0	0					000000000000	0.0	X	0.0		X			1014	FJWN	1	1	0			FG01			1014	40	ZPFG	28.07.2026	28.07.2026	1					0.00		9004825779			1008		000000000000000000		0000000000	0000	0000000000	0000										40	28.07.2026	1				0				000000000000000000	1014								0		0	00000000	
ROW92|700	003004307352	0001	E		000	00000000					000000	0000		0	45	0	0	TO	TO	000000000015000177	0	0					000000000000	0.0	X	0.0		X			1014	FJWN	1	1	0			FG01			1014	40	ZPFG	28.07.2026	28.07.2026	1					0.00		9004825785			1008		000000000000000000		0000000000	0000	0000000000	0000										45	28.07.2026	1				0				000000000000000000	1014								0		0	00000000	
ROW93|700	003004307353	0001	E		000	00000000					000000	0000		0	45	0	0	TO	TO	000000000015000177	0	0					000000000000	0.0	X	0.0		X			1014	FJWN	1	1	0			FG01			1014	40	ZPFG	28.07.2026	28.07.2026	1					0.00		9004825786			1008		000000000000000000		0000000000	0000	0000000000	0000										45	28.07.2026	1				0				000000000000000000	1014								0		0	00000000	
ROW94|700	003004307408	0001	E		000	00000000					000000	0000		0	42	0	0	TO	TO	000000000015000177	0	0					000000000000	0.0	X	0.0		X			1006	FJGU	1	1	0			FG01			1006	40	ZPFG	28.07.2026	28.07.2026	1					0.00		9004825911			1008		000000000000000000		0000000000	0000	0000000000	0000										42	28.07.2026	1				0				000000000000000000	1006								0		0	00000000	
ROW95|700	003004307509	0001	E		000	00000000					000000	0000		0	45	0	0	TO	TO	000000000015000177	0	0					000000000000	0.0	X	0.0		X			1005	FKGU	1	1	0			FG01			1005	40	ZPFG	28.07.2026	28.07.2026	1					0.00		9004826070			1008		000000000000000000		0000000000	0000	0000000000	0000										45	28.07.2026	1				0				000000000000000000	1005								0		0	00000000	
ROW96|700	003004307577	0001	E		000	00000000					000000	0000		0	10	0	0	TO	TO	000000000015000177	0	0					000000000000	0.0	X	0.0		X			1004	FNWL	1	1	0			FG01			1004	40	ZPFG	28.07.2026	28.07.2026	1					0.00		9004826181			1008		000000000000000000		0000000000	0000	0000000000	0000										10	28.07.2026	1				0				000000000000000000	1004								0		0	00000000	
ROW97|700	003004307578	0001	E		000	00000000					000000	0000		0	10	0	0	TO	TO	000000000015000177	0	0					000000000000	0.0	X	0.0		X			1004	FNWL	1	1	0			FG01			1004	40	ZPFG	28.07.2026	28.07.2026	1					0.00		9004826182			1008		000000000000000000		0000000000	0000	0000000000	0000										10	28.07.2026	1				0				000000000000000000	1004								0		0	00000000	
ROW98|700	003004307580	0001	E		000	00000000					000000	0000		0	10	0	0	TO	TO	000000000015000177	0	0					000000000000	0.0	X	0.0		X			1004	FNWL	1	1	0			FG01			1004	40	ZPFG	28.07.2026	28.07.2026	1					0.00		9004826184			1008		000000000000000000		0000000000	0000	0000000000	0000										10	28.07.2026	1				0				000000000000000000	1004								0		0	00000000	
ROW99|700	003004307585	0001	E		000	00000000					000000	0000		0	45	0	0	TO	TO	000000000015000177	0	0					000000000000	0.0	X	0.0		X			1014	FJWN	1	1	0			FG01			1014	40	ZPFG	28.07.2026	28.07.2026	1					0.00		9004826191			1008		000000000000000000		0000000000	0000	0000000000	0000										45	28.07.2026	1				0				000000000000000000	1014								0		0	00000000	
ROW100|700	003004307906	0001	E		000	00000000					000000	0000		0	25	0	0	TO	TO	000000000015000177	0	0					000000000000	0.0	X	0.0		X			1014	FJWN	1	1	0			FG01			1014	40	ZPFG	28.07.2026	28.07.2026	1					0.00		9004826729			1008		000000000000000000		0000000000	0000	0000000000	0000										25	28.07.2026	1				0				000000000000000000	1014								0		0	00000000	
ROW101|700	003004307908	0001	E		000	00000000					000000	0000		0	25	0	0	TO	TO	000000000015000177	0	0					000000000000	0.0	X	0.0		X			1014	FJWN	1	1	0			FG01			1014	40	ZPFG	28.07.2026	28.07.2026	1					0.00		9004826730			1008		000000000000000000		0000000000	0000	0000000000	0000										25	28.07.2026	1				0				000000000000000000	1014								0		0	00000000	
ROW102|700	003004307918	0001	E		000	00000000					000000	0000		0	45	0	0	TO	TO	000000000015000177	0	0					000000000000	0.0	X	0.0		X			1014	FJWN	1	1	0			FG01			1014	40	ZPFG	28.07.2026	28.07.2026	1					0.00		9004826745			1008		000000000000000000		0000000000	0000	0000000000	0000										45	28.07.2026	1				0				000000000000000000	1014								0		0	00000000	
ROW103|700	003004307922	0001	E		000	00000000					000000	0000		0	45	0	0	TO	TO	000000000015000177	0	0					000000000000	0.0	X	0.0		X			1014	FJWN	1	1	0			FG01			1014	40	ZPFG	28.07.2026	28.07.2026	1					0.00		9004826750			1008		000000000000000000		0000000000	0000	0000000000	0000										45	28.07.2026	1				0				000000000000000000	1014								0		0	00000000	
ROW104|700	003004307938	0001	E		000	00000000					000000	0000		0	40	0	0	TO	TO	000000000015000177	0	0					000000000000	0.0	X	0.0		X			1014	FJWN	1	1	0			FG01			1014	40	ZPFG	28.07.2026	28.07.2026	1					0.00		9004826778			1008		000000000000000000		0000000000	0000	0000000000	0000										40	28.07.2026	1				0				000000000000000000	1014								0		0	00000000	
ROW105|700	003004307993	0001	E		000	00000000					000000	0000		0	24	0	0	TO	TO	000000000015000177	0	0					000000000000	0.0	X	0.0		X			1304	FEGU	1	1	0			FG01			1304	40	ZPFG	28.07.2026	28.07.2026	1					0.00		9004826903			1309		000000000000000000		0000000000	0000	0000000000	0000										24	28.07.2026	1				0				000000000000000000	1304								0		0	00000000	
ROW106|700	003004308098	0001	E		000	00000000					000000	0000		0	45	0	0	TO	TO	000000000015000177	0	0					000000000000	0.0	X	0.0		X			1003	FRNC	1	1	0			FG01			1003	40	ZPFG	28.07.2026	28.07.2026	1					0.00		9004827081			1008		000000000000000000		0000000000	0000	0000000000	0000										45	28.07.2026	1				0				000000000000000000	1003								0		0	00000000	
ROW107|700	003004308099	0001	E		000	00000000					000000	0000		0	45	0	0	TO	TO	000000000015000177	0	0					000000000000	0.0	X	0.0		X			1003	FRNC	1	1	0			FG01			1003	40	ZPFG	28.07.2026	28.07.2026	1					0.00		9004827082			1008		000000000000000000		0000000000	0000	0000000000	0000										45	28.07.2026	1				0				000000000000000000	1003								0		0	00000000	
ROW108|700	003004308188	0001	E		000	00000000					000000	0000		0	42	0	0	TO	TO	000000000015000177	0	0					000000000000	0.0	X	0.0		X			1004	FNWL	1	1	0			FG01			1004	40	ZPFG	28.07.2026	28.07.2026	1					0.00		9004827279			1008		000000000000000000		0000000000	0000	0000000000	0000										42	28.07.2026	1				0				000000000000000000	1004								0		0	00000000	
ROW109|700	003004308270	0001	E		000	00000000					000000	0000		0	38	0	0	TO	TO	000000000015000177	0	0					000000000000	0.0	X	0.0		X			1004	FNWL	1	1	0			FG01			1004	40	ZPFG	28.07.2026	28.07.2026	1					0.00		9004827500			1008		000000000000000000		0000000000	0000	0000000000	0000										38	28.07.2026	1				0				000000000000000000	1004								0		0	00000000	
ROW110|700	003004308271	0001	E		000	00000000					000000	0000		0	42	0	0	TO	TO	000000000015000177	0	0					000000000000	0.0	X	0.0		X			1004	FNWL	1	1	0			FG01			1004	40	ZPFG	28.07.2026	28.07.2026	1					0.00		9004827502			1008		000000000000000000		0000000000	0000	0000000000	0000										42	28.07.2026	1				0				000000000000000000	1004								0		0	00000000	
ROW111|700	003004308274	0001	E		000	00000000					000000	0000		0	50	0	0	TO	TO	000000000015000177	0	0					000000000000	0.0	X	0.0		X			1004	FNWL	1	1	0			FG01			1004	40	ZPFG	28.07.2026	28.07.2026	1					0.00		9004827506			1008		000000000000000000		0000000000	0000	0000000000	0000										50	28.07.2026	1				0				000000000000000000	1004								0		0	00000000	
ROW112|700	003004308278	0001	E		000	00000000					000000	0000		0	42	0	0	TO	TO	000000000015000177	0	0					000000000000	0.0	X	0.0		X			1003	FRNC	1	1	0			FG01			1003	40	ZPFG	28.07.2026	28.07.2026	1					0.00		9004827520			1008		000000000000000000		0000000000	0000	0000000000	0000										42	28.07.2026	1				0				000000000000000000	1003								0		0	00000000	
ROW113|700	003004308279	0001	E		000	00000000					000000	0000		0	42	0	0	TO	TO	000000000015000177	0	0					000000000000	0.0	X	0.0		X			1003	FRNC	1	1	0			FG01			1003	40	ZPFG	28.07.2026	28.07.2026	1					0.00		9004827521			1008		000000000000000000		0000000000	0000	0000000000	0000										42	28.07.2026	1				0				000000000000000000	1003								0		0	00000000	
ROW114|700	003004308285	0001	E		000	00000000					000000	0000		0	25	0	0	TO	TO	000000000015000177	0	0					000000000000	0.0	X	0.0		X			1014	FJWN	1	1	0			FG01			1014	40	ZPFG	28.07.2026	28.07.2026	1					0.00		9004827531			1008		000000000000000000		0000000000	0000	0000000000	0000										25	28.07.2026	1				0				000000000000000000	1014								0		0	00000000	
ROW115|700	003004308345	0001	E		000	00000000					000000	0000		0	45	0	0	TO	TO	000000000015000177	0	0					000000000000	0.0	X	0.0		X			1014	FJWN	1	1	0			FG01			1014	40	ZPFG	28.07.2026	28.07.2026	1					0.00		9004827644			1008		000000000000000000		0000000000	0000	0000000000	0000										45	28.07.2026	1				0				000000000000000000	1014								0		0	00000000	
ROW116|700	003004308639	0001	E		000	00000000					000000	0000		0	55	0	0	TO	TO	000000000015000177	0	0					000000000000	0.0	X	0.0		X			1004	FNWL	1	1	0			FG01			1004	40	ZPFG	28.07.2026	28.07.2026	1					0.00		9004828292			1008		000000000000000000		0000000000	0000	0000000000	0000										55	28.07.2026	1				0				000000000000000000	1004								0		0	00000000	
ROW117|700	003004308653	0001	E		000	00000000					000000	0000		0	40	0	0	TO	TO	000000000015000177	0	0					000000000000	0.0	X	0.0		X			1004	FNWL	1	1	0			FG01			1004	40	ZPFG	28.07.2026	28.07.2026	1					0.00		9004828333			1008		000000000000000000		0000000000	0000	0000000000	0000										40	28.07.2026	1				0				000000000000000000	1004								0		0	00000000	
ROW118|700	003004308690	0001	E		000	00000000					000000	0000		0	42	0	0	TO	TO	000000000015000177	0	0					000000000000	0.0	X	0.0		X			1014	FJWN	1	1	0			FG01			1014	40	ZPFG	28.07.2026	28.07.2026	1					0.00		9004828439			1008		000000000000000000		0000000000	0000	0000000000	0000										42	28.07.2026	1				0				000000000000000000	1014								0		0	00000000	
ROW119|700	003004308691	0001	E		000	00000000					000000	0000		0	42	0	0	TO	TO	000000000015000177	0	0					000000000000	0.0	X	0.0		X			1014	FJWN	1	1	0			FG01			1014	40	ZPFG	28.07.2026	28.07.2026	1					0.00		9004828441			1008		000000000000000000		0000000000	0000	0000000000	0000										42	28.07.2026	1				0				000000000000000000	1014								0		0	00000000	
ROW120|700	003004308879	0001	E		000	00000000					000000	0000		0	45	0	0	TO	TO	000000000015000177	0	0					000000000000	0.0	X	0.0		X			1014	FJWN	1	1	0			FG01			1014	40	ZPFG	28.07.2026	28.07.2026	1					0.00		9004828916			1008		000000000000000000		0000000000	0000	0000000000	0000										45	28.07.2026	1				0				000000000000000000	1014								0		0	00000000	
ROW121|700	003004308880	0001	E		000	00000000					000000	0000		0	45	0	0	TO	TO	000000000015000177	0	0					000000000000	0.0	X	0.0		X			1014	FJWN	1	1	0			FG01			1014	40	ZPFG	28.07.2026	28.07.2026	1					0.00		9004828918			1008		000000000000000000		0000000000	0000	0000000000	0000										45	28.07.2026	1				0				000000000000000000	1014								0		0	00000000	
ROW122|700	003004308907	0001	E		000	00000000					000000	0000		0	45	0	0	TO	TO	000000000015000177	0	0					000000000000	0.0	X	0.0		X			1014	FJWN	1	1	0			FG01			1014	40	ZPFG	28.07.2026	28.07.2026	1					0.00		9004828983			1008		000000000000000000		0000000000	0000	0000000000	0000										45	28.07.2026	1				0				000000000000000000	1014								0		0	00000000	
ROW123|700	003004308911	0001	E		000	00000000					000000	0000		0	38	0	0	TO	TO	000000000015000177	0	0					000000000000	0.0	X	0.0		X			1014	FJWN	1	1	0			FG01			1014	40	ZPFG	28.07.2026	28.07.2026	1					0.00		9004828988			1008		000000000000000000		0000000000	0000	0000000000	0000										38	28.07.2026	1				0				000000000000000000	1014								0		0	00000000	
ROW124|700	003004308967	0001	E		000	00000000					000000	0000		0	40	0	0	TO	TO	000000000015000177	0	0					000000000000	0.0	X	0.0		X			1042	FNBC	1	1	0			FG01			1042	40	ZPFG	28.07.2026	28.07.2026	1					0.00		9004829122			1010		000000000000000000		0000000000	0000	0000000000	0000										6.388	31.07.2026	1				0				000000000000000000	1042								0		0	00000000	
ROW125|700	003004309049	0001	E		000	00000000					000000	0000		0	42	0	0	TO	TO	000000000015000177	0	0					000000000000	0.0	X	0.0		X			1003	FRNC	1	1	0			FG01			1003	40	ZPFG	28.07.2026	28.07.2026	1					0.00		9004829306			1008		000000000000000000		0000000000	0000	0000000000	0000										42	28.07.2026	1				0				000000000000000000	1003								0		0	00000000	
ROW126|700	003004309193	0001	E		000	00000000					000000	0000		0	42	0	0	TO	TO	000000000015000177	0	0					000000000000	0.0	X	0.0		X			1004	FNWL	1	1	0			FG01			1004	40	ZPFG	28.07.2026	28.07.2026	1					0.00		9004829662			1008		000000000000000000		0000000000	0000	0000000000	0000										42	28.07.2026	1				0				000000000000000000	1004								0		0	00000000	
ROW127|700	003004309242	0001	E		000	00000000					000000	0000		0	40	0	0	TO	TO	000000000015000177	0	0					000000000000	0.0	X	0.0		X			1007	FRGU	1	1	0			FG01			1007	40	ZPFG	28.07.2026	28.07.2026	1					0.00		9004829784			1005		000000000000000000		0000000000	0000	0000000000	0000										40	28.07.2026	1				0				000000000000000000	1007								0		0	00000000	
ROW128|700	003004309243	0001	E		000	00000000					000000	0000		0	40	0	0	TO	TO	000000000015000177	0	0					000000000000	0.0	X	0.0		X			1007	FRGU	1	1	0			FG01			1007	40	ZPFG	28.07.2026	28.07.2026	1					0.00		9004829787			1005		000000000000000000		0000000000	0000	0000000000	0000										40	28.07.2026	1				0				000000000000000000	1007								0		0	00000000	
ROW129|700	003004309281	0001	E		000	00000000					000000	0000		0	38	0	0	TO	TO	000000000015000177	0	0					000000000000	0.0	X	0.0		X			1014	FJWN	1	1	0			FG01			1014	40	ZPFG	28.07.2026	28.07.2026	1					0.00		9004829938			1008		000000000000000000		0000000000	0000	0000000000	0000										38	28.07.2026	1				0				000000000000000000	1014								0		0	00000000	
ROW130|700	003004309321	0001	E		000	00000000					000000	0000		0	42	0	0	TO	TO	000000000015000177	0	0					000000000000	0.0	X	0.0		X			1002	FRAS	1	1	0			FG01			1002	40	ZPFG	28.07.2026	28.07.2026	1					0.00		9004830002			1008		000000000000000000		0000000000	0000	0000000000	0000										42	28.07.2026	1				0				000000000000000000	1002								0		0	00000000	
ROW131|700	003004309347	0001	E		000	00000000					000000	0000		0	45	0	0	TO	TO	000000000015000177	0	0					000000000000	0.0	X	0.0		X			1014	FJWN	1	1	0			FG01			1014	40	ZPFG	28.07.2026	28.07.2026	1					0.00		9004830085			1008		000000000000000000		0000000000	0000	0000000000	0000										45	28.07.2026	1				0				000000000000000000	1014								0		0	00000000	
ROW132|700	003004309572	0001	E		000	00000000					000000	0000		0	45	0	0	TO	TO	000000000015000177	0	0					000000000000	0.0	X	0.0		X			1003	FRNC	1	1	0			FG01			1003	40	ZPFG	28.07.2026	28.07.2026	1					0.00		9004830564			1008		000000000000000000		0000000000	0000	0000000000	0000										45	28.07.2026	1				0				000000000000000000	1003								0		0	00000000	
ROW133|700	003004309622	0001	E		000	00000000					000000	0000		0	42	0	0	TO	TO	000000000015000177	0	0					000000000000	0.0	X	0.0		X			1004	FNWL	1	1	0			FG01			1004	40	ZPFG	28.07.2026	28.07.2026	1					0.00		9004830637			1008		000000000000000000		0000000000	0000	0000000000	0000										42	28.07.2026	1				0				000000000000000000	1004								0		0	00000000	
ROW134|700	003004309630	0001	E		000	00000000					000000	0000		0	42	0	0	TO	TO	000000000015000177	0	0					000000000000	0.0	X	0.0		X			1004	FNWL	1	1	0			FG01			1004	40	ZPFG	28.07.2026	28.07.2026	1					0.00		9004830657			1008		000000000000000000		0000000000	0000	0000000000	0000										42	28.07.2026	1				0				000000000000000000	1004								0		0	00000000	
ROW135|700	003004309664	0001	E		000	00000000					000000	0000		0	45	0	0	TO	TO	000000000015000177	0	0					000000000000	0.0	X	0.0		X			1014	FJWN	1	1	0			FG01			1014	40	ZPFG	28.07.2026	28.07.2026	1					0.00		9004830721			1008		000000000000000000		0000000000	0000	0000000000	0000										45	28.07.2026	1				0				000000000000000000	1014								0		0	00000000	
ROW136|700	003004309665	0001	E		000	00000000					000000	0000		0	45	0	0	TO	TO	000000000015000177	0	0					000000000000	0.0	X	0.0		X			1014	FJWN	1	1	0			FG01			1014	40	ZPFG	28.07.2026	28.07.2026	1					0.00		9004830722			1008		000000000000000000		0000000000	0000	0000000000	0000										45	28.07.2026	1				0				000000000000000000	1014								0		0	00000000	
ROW137|700	003004309673	0001	E		000	00000000					000000	0000		0	42	0	0	TO	TO	000000000015000177	0	0					000000000000	0.0	X	0.0		X			1014	FJWN	1	1	0			FG01			1014	40	ZPFG	28.07.2026	28.07.2026	1					0.00		9004830732			1008		000000000000000000		0000000000	0000	0000000000	0000										42	28.07.2026	1				0				000000000000000000	1014								0		0	00000000	
ROW138|700	003004309682	0001	E		000	00000000					000000	0000		0	42	0	0	TO	TO	000000000015000177	0	0					000000000000	0.0	X	0.0		X			1003	FRNC	1	1	0			FG01			1003	40	ZPFG	28.07.2026	28.07.2026	1					0.00		9004830747			1008		000000000000000000		0000000000	0000	0000000000	0000										42	28.07.2026	1				0				000000000000000000	1003								0		0	00000000	
ROW139|700	003004309762	0001	E		000	00000000					000000	0000		0	45	0	0	TO	TO	000000000015000177	0	0					000000000000	0.0	X	0.0		X			1014	FJWN	1	1	0			FG01			1014	40	ZPFG	28.07.2026	28.07.2026	1					0.00		9004830890			1008		000000000000000000		0000000000	0000	0000000000	0000										45	28.07.2026	1				0				000000000000000000	1014								0		0	00000000	
ROW140|700	003004309790	0001	E		000	00000000					000000	0000		0	40	0	0	TO	TO	000000000015000177	0	0					000000000000	0.0	X	0.0		X			1007	FRGU	1	1	0			FG01			1007	40	ZPFG	28.07.2026	28.07.2026	1					0.00		9004830944			1005		000000000000000000		0000000000	0000	0000000000	0000										40	28.07.2026	1				0				000000000000000000	1007								0		0	00000000	
ROW141|700	003004309869	0001	E		000	00000000					000000	0000		0	1	0	0	TO	TO	000000000015000177	0	0					000000000000	0.0	X	0.0		X			1002	FRAS	1	1	0			FG01			1002	40	ZPFG	28.07.2026	28.07.2026	1					0.00		9004831093			1008		000000000000000000		0000000000	0000	0000000000	0000										1	28.07.2026	1				0				000000000000000000	1002								0		0	00000000	
ROW142|700	003004310053	0001	E		000	00000000					000000	0000		0	45	0	0	TO	TO	000000000015000177	0	0					000000000000	0.0	X	0.0		X			1002	FRAS	1	1	0			FG01			1002	40	ZPFG	28.07.2026	28.07.2026	1					0.00		9004831432			1008		000000000000000000		0000000000	0000	0000000000	0000										45	28.07.2026	1				0				000000000000000000	1002								0		0	00000000	
ROW143|700	003004310114	0001	E		000	00000000					000000	0000		0	42	0	0	TO	TO	000000000015000177	0	0					000000000000	0.0	X	0.0		X			1003	FRNC	1	1	0			FG01			1003	40	ZPFG	28.07.2026	28.07.2026	1					0.00		9004831555			1008		000000000000000000		0000000000	0000	0000000000	0000										42	28.07.2026	1				0				000000000000000000	1003								0		0	00000000	
ROW144|700	003004310150	0001	E		000	00000000					000000	0000		0	38	0	0	TO	TO	000000000015000177	0	0					000000000000	0.0	X	0.0		X			1003	FRNC	1	1	0			FG01			1003	40	ZPFG	28.07.2026	28.07.2026	1					0.00		9004831633			1008		000000000000000000		0000000000	0000	0000000000	0000										38	28.07.2026	1				0				000000000000000000	1003								0		0	00000000	
ROW145|700	003004310151	0001	E		000	00000000					000000	0000		0	38	0	0	TO	TO	000000000015000177	0	0					000000000000	0.0	X	0.0		X			1003	FRNC	1	1	0			FG01			1003	40	ZPFG	28.07.2026	28.07.2026	1					0.00		9004831635			1008		000000000000000000		0000000000	0000	0000000000	0000										38	28.07.2026	1				0				000000000000000000	1003								0		0	00000000	
ROW146|700	003004310152	0001	E		000	00000000					000000	0000		0	38	0	0	TO	TO	000000000015000177	0	0					000000000000	0.0	X	0.0		X			1003	FRNC	1	1	0			FG01			1003	40	ZPFG	28.07.2026	28.07.2026	1					0.00		9004831637			1008		000000000000000000		0000000000	0000	0000000000	0000										38	28.07.2026	1				0				000000000000000000	1003								0		0	00000000	
ROW147|700	003004310173	0001	E		000	00000000					000000	0000		0	38	0	0	TO	TO	000000000015000177	0	0					000000000000	0.0	X	0.0		X			1003	FRNC	1	1	0			FG01			1003	40	ZPFG	28.07.2026	28.07.2026	1					0.00		9004831682			1008		000000000000000000		0000000000	0000	0000000000	0000										38	28.07.2026	1				0				000000000000000000	1003								0		0	00000000	
ROW148|700	003004310217	0001	E		000	00000000					000000	0000		0	38	0	0	TO	TO	000000000015000177	0	0					000000000000	0.0	X	0.0		X			1003	FRNC	1	1	0			FG01			1003	40	ZPFG	28.07.2026	28.07.2026	1					0.00		9004831773			1008		000000000000000000		0000000000	0000	0000000000	0000										38	28.07.2026	1				0				000000000000000000	1003								0		0	00000000	
ROW149|700	003004310218	0001	E		000	00000000					000000	0000		0	90	0	0	TO	TO	000000000015000177	0	0					000000000000	0.0	X	0.0		X			1003	FRNC	1	1	0			FG01			1003	40	ZPFG	28.07.2026	28.07.2026	1					0.00		9004831774			1008		000000000000000000		0000000000	0000	0000000000	0000										90	28.07.2026	1				0				000000000000000000	1003								0		0	00000000	
ROW150|700	003004310219	0001	E		000	00000000					000000	0000		0	45	0	0	TO	TO	000000000015000177	0	0					000000000000	0.0	X	0.0		X			1003	FRNC	1	1	0			FG01			1003	40	ZPFG	28.07.2026	28.07.2026	1					0.00		9004831775			1008		000000000000000000		0000000000	0000	0000000000	0000										45	28.07.2026	1				0				000000000000000000	1003								0		0	00000000	
ROW151|700	003004310220	0001	E		000	00000000					000000	0000		0	45	0	0	TO	TO	000000000015000177	0	0					000000000000	0.0	X	0.0		X			1003	FRNC	1	1	0			FG01			1003	40	ZPFG	28.07.2026	28.07.2026	1					0.00		9004831776			1008		000000000000000000		0000000000	0000	0000000000	0000										45	28.07.2026	1				0				000000000000000000	1003								0		0	00000000	
ROW152|700	003004310245	0001	E		000	00000000					000000	0000		0	45	0	0	TO	TO	000000000015000177	0	0					000000000000	0.0	X	0.0		X			1003	FRNC	1	1	0			FG01			1003	40	ZPFG	28.07.2026	28.07.2026	1					0.00		9004831822			1008		000000000000000000		0000000000	0000	0000000000	0000										45	28.07.2026	1				0				000000000000000000	1003								0		0	00000000	
ROW153|700	003004310246	0001	E		000	00000000					000000	0000		0	45	0	0	TO	TO	000000000015000177	0	0					000000000000	0.0	X	0.0		X			1003	FRNC	1	1	0			FG01			1003	40	ZPFG	28.07.2026	28.07.2026	1					0.00		9004831823			1008		000000000000000000		0000000000	0000	0000000000	0000										45	28.07.2026	1				0				000000000000000000	1003								0		0	00000000	
ROW154|700	003004310247	0001	E		000	00000000					000000	0000		0	45	0	0	TO	TO	000000000015000177	0	0					000000000000	0.0	X	0.0		X			1003	FRNC	1	1	0			FG01			1003	40	ZPFG	28.07.2026	28.07.2026	1					0.00		9004831824			1008		000000000000000000		0000000000	0000	0000000000	0000										45	28.07.2026	1				0				000000000000000000	1003								0		0	00000000	
ROW155|700	003004310252	0001	E		000	00000000					000000	0000		0	45	0	0	TO	TO	000000000015000177	0	0					000000000000	0.0	X	0.0		X			1003	FRNC	1	1	0			FG01			1003	40	ZPFG	28.07.2026	28.07.2026	1					0.00		9004831834			1008		000000000000000000		0000000000	0000	0000000000	0000										45	28.07.2026	1				0				000000000000000000	1003								0		0	00000000	
ROW156|700	003004310365	0001	E		000	00000000					000000	0000		0	35	0	0	TO	TO	000000000015000177	0	0					000000000000	0.0	X	0.0		X			1000	FBWR	1	1	0			FG01			1000	40	ZPFG	28.07.2026	28.07.2026	1					0.00		9004832102			1008		000000000000000000		0000000000	0000	0000000000	0000										35	28.07.2026	1				0				000000000000000000	1000								0		0	00000000	
ROW157|700	003004310372	0001	E		000	00000000					000000	0000		0	42	0	0	TO	TO	000000000015000177	0	0					000000000000	0.0	X	0.0		X			1014	FJWN	1	1	0			FG01			1014	40	ZPFG	28.07.2026	28.07.2026	1					0.00		9004832121			1008		000000000000000000		0000000000	0000	0000000000	0000										42	28.07.2026	1				0				000000000000000000	1014								0		0	00000000	
ROW158|700	003004310373	0001	E		000	00000000					000000	0000		0	42	0	0	TO	TO	000000000015000177	0	0					000000000000	0.0	X	0.0		X			1003	FRNC	1	1	0			FG01			1003	40	ZPFG	28.07.2026	28.07.2026	1					0.00		9004832125			1008		000000000000000000		0000000000	0000	0000000000	0000										42	28.07.2026	1				0				000000000000000000	1003								0		0	00000000	
ROW159|700	003004310380	0001	E		000	00000000					000000	0000		0	42	0	0	TO	TO	000000000015000177	0	0					000000000000	0.0	X	0.0		X			1003	FRNC	1	1	0			FG01			1003	40	ZPFG	28.07.2026	28.07.2026	1					0.00		9004832137			1008		000000000000000000		0000000000	0000	0000000000	0000										42	28.07.2026	1				0				000000000000000000	1003								0		0	00000000	
ROW160|700	003004310396	0001	E		000	00000000					000000	0000		0	45	0	0	TO	TO	000000000015000177	0	0					000000000000	0.0	X	0.0		X			1003	FRNC	1	1	0			FG01			1003	40	ZPFG	28.07.2026	28.07.2026	1					0.00		9004832172			1008		000000000000000000		0000000000	0000	0000000000	0000										45	28.07.2026	1				0				000000000000000000	1003								0		0	00000000	
ROW161|700	003004310398	0001	E		000	00000000					000000	0000		0	45	0	0	TO	TO	000000000015000177	0	0					000000000000	0.0	X	0.0		X			1003	FRNC	1	1	0			FG01			1003	40	ZPFG	28.07.2026	28.07.2026	1					0.00		9004832174			1008		000000000000000000		0000000000	0000	0000000000	0000										45	28.07.2026	1				0				000000000000000000	1003								0		0	00000000	
ROW162|700	003004310439	0001	E		000	00000000					000000	0000		0	30	0	0	TO	TO	000000000015000177	0	0					000000000000	0.0	X	0.0		X			1079	FKDT	1	1	0			FG01			1079	40	ZPFG	28.07.2026	28.07.2026	1					0.00		9004832253			1029		000000000000000000		0000000000	0000	0000000000	0000										30	28.07.2026	1				0				000000000000000000	1079								0		0	00000000	
ROW163|700	003004310448	0001	E		000	00000000					000000	0000		0	35	0	0	TO	TO	000000000015000177	0	0					000000000000	0.0	X	0.0		X			1000	FBWR	1	1	0			FG01			1000	40	ZPFG	28.07.2026	28.07.2026	1					0.00		9004832266			1008		000000000000000000		0000000000	0000	0000000000	0000										35	28.07.2026	1				0				000000000000000000	1000								0		0	00000000	
ROW164|700	003004310471	0001	E		000	00000000					000000	0000		0	45	0	0	TO	TO	000000000015000177	0	0					000000000000	0.0	X	0.0		X			1003	FRNC	1	1	0			FG01			1003	40	ZPFG	28.07.2026	28.07.2026	1					0.00		9004832313			1008		000000000000000000		0000000000	0000	0000000000	0000										45	28.07.2026	1				0				000000000000000000	1003								0		0	00000000	
ROW165|700	003004310541	0001	E		000	00000000					000000	0000		0	36	0	0	TO	TO	000000000015000177	0	0					000000000000	0.0	X	0.0		X			1046	FNRC	1	1	0			FG01			1046	40	ZPFG	28.07.2026	28.07.2026	1					0.00		9004832491			1022		000000000000000000		0000000000	0000	0000000000	0000										36	28.07.2026	1				0				000000000000000000	1046								0		0	00000000	
ROW166|700	003004310542	0001	E		000	00000000					000000	0000		0	35	0	0	TO	TO	000000000015000177	0	0					000000000000	0.0	X	0.0		X			1046	FNRC	1	1	0			FG01			1046	40	ZPFG	28.07.2026	28.07.2026	1					0.00		9004832493			1022		000000000000000000		0000000000	0000	0000000000	0000										35	28.07.2026	1				0				000000000000000000	1046								0		0	00000000	
ROW167|700	003004310543	0001	E		000	00000000					000000	0000		0	35	0	0	TO	TO	000000000015000177	0	0					000000000000	0.0	X	0.0		X			1046	FNRC	1	1	0			FG01			1046	40	ZPFG	28.07.2026	28.07.2026	1					0.00		9004832494			1022		000000000000000000		0000000000	0000	0000000000	0000										35	28.07.2026	1				0				000000000000000000	1046								0		0	00000000	
ROW168|700	003004310765	0001	E		000	00000000					000000	0000		0	45	0	0	TO	TO	000000000015000177	0	0					000000000000	0.0	X	0.0		X			1010	FUPG	1	1	0			FG01			1010	40	ZPFG	28.07.2026	28.07.2026	1					0.00		9004832986			1009		000000000000000000		0000000000	0000	0000000000	0000										45	28.07.2026	1				0				000000000000000000	1010								0		0	00000000	
ROW169|700	003004310860	0001	E		000	00000000					000000	0000		0	35	0	0	TO	TO	000000000015000177	0	0					000000000000	0.0	X	0.0		X			1003	FRNC	1	1	0			FG01			1003	40	ZPFG	28.07.2026	28.07.2026	1					0.00		9004833204			1008		000000000000000000		0000000000	0000	0000000000	0000										35	28.07.2026	1				0				000000000000000000	1003								0		0	00000000	
ROW170|700	003004310861	0001	E		000	00000000					000000	0000		0	40	0	0	TO	TO	000000000015000177	0	0					000000000000	0.0	X	0.0		X			1003	FRNC	1	1	0			FG01			1003	40	ZPFG	28.07.2026	28.07.2026	1					0.00		9004833205			1008		000000000000000000		0000000000	0000	0000000000	0000										40	28.07.2026	1				0				000000000000000000	1003								0		0	00000000	
ROW171|700	003004310862	0001	E		000	00000000					000000	0000		0	25	0	0	TO	TO	000000000015000177	0	0					000000000000	0.0	X	0.0		X			1003	FRNC	1	1	0			FG01			1003	40	ZPFG	28.07.2026	28.07.2026	1					0.00		9004833207			1008		000000000000000000		0000000000	0000	0000000000	0000										25	28.07.2026	1				0				000000000000000000	1003								0		0	00000000	
ROW172|700	003004310863	0001	E		000	00000000					000000	0000		0	25	0	0	TO	TO	000000000015000177	0	0					000000000000	0.0	X	0.0		X			1003	FRNC	1	1	0			FG01			1003	40	ZPFG	28.07.2026	28.07.2026	1					0.00		9004833208			1008		000000000000000000		0000000000	0000	0000000000	0000										25	28.07.2026	1				0				000000000000000000	1003								0		0	00000000	
ROW173|700	003004310864	0001	E		000	00000000					000000	0000		0	25	0	0	TO	TO	000000000015000177	0	0					000000000000	0.0	X	0.0		X			1003	FRNC	1	1	0			FG01			1003	40	ZPFG	28.07.2026	28.07.2026	1					0.00		9004833209			1008		000000000000000000		0000000000	0000	0000000000	0000										25	28.07.2026	1				0				000000000000000000	1003								0		0	00000000	
ROW174|700	003004310920	0001	E		000	00000000					000000	0000		0	42	0	0	TO	TO	000000000015000177	0	0					000000000000	0.0	X	0.0		X			1003	FRNC	1	1	0			FG01			1003	40	ZPFG	28.07.2026	28.07.2026	1					0.00		9004833333			1008		000000000000000000		0000000000	0000	0000000000	0000										42	28.07.2026	1				0				000000000000000000	1003								0		0	00000000	
ROW175|700	003004310972	0001	E		000	00000000					000000	0000		0	60	0	0	TO	TO	000000000015000177	0	0					000000000000	0.0	X	0.0		X			1010	FUPG	1	1	0			FG01			1010	40	ZPFG	28.07.2026	28.07.2026	1					0.00		9004833449			1009		000000000000000000		0000000000	0000	0000000000	0000										60	28.07.2026	1				0				000000000000000000	1010								0		0	00000000	
ROW176|700	003004311099	0001	E		000	00000000					000000	0000		0	40	0	0	TO	TO	000000000015000177	0	0					000000000000	0.0	X	0.0		X			1004	FNWL	1	1	0			FG01			1004	40	ZPFG	29.07.2026	29.07.2026	1					0.00		9004833798			1008		000000000000000000		0000000000	0000	0000000000	0000										40	29.07.2026	1				0				000000000000000000	1004								0		0	00000000	
ROW177|700	003004311156	0001	E		000	00000000					000000	0000		0	42	0	0	TO	TO	000000000015000177	0	0					000000000000	0.0	X	0.0		X			1010	FUPG	1	1	0			FG01			1010	40	ZPFG	29.07.2026	29.07.2026	1					0.00		9004833938			1009		000000000000000000		0000000000	0000	0000000000	0000										42	29.07.2026	1				0				000000000000000000	1010								0		0	00000000	
ROW178|700	003004311361	0001	E		000	00000000					000000	0000		0	40	0	0	TO	TO	000000000015000177	0	0					000000000000	0.0	X	0.0		X			1007	FRGU	1	1	0			FG01			1007	40	ZPFG	29.07.2026	29.07.2026	1					0.00		9004834333			1005		000000000000000000		0000000000	0000	0000000000	0000										40	29.07.2026	1				0				000000000000000000	1007								0		0	00000000	
ROW179|700	003004311486	0001	E		000	00000000					000000	0000		0	42	0	0	TO	TO	000000000015000177	0	0					000000000000	0.0	X	0.0		X			1014	FJWN	1	1	0			FG01			1014	40	ZPFG	29.07.2026	29.07.2026	1					0.00		9004834532			1008		000000000000000000		0000000000	0000	0000000000	0000										42	29.07.2026	1				0				000000000000000000	1014								0		0	00000000	
ROW180|700	003004311488	0001	E		000	00000000					000000	0000		0	42	0	0	TO	TO	000000000015000177	0	0					000000000000	0.0	X	0.0		X			1014	FJWN	1	1	0			FG01			1014	40	ZPFG	29.07.2026	29.07.2026	1					0.00		9004834533			1008		000000000000000000		0000000000	0000	0000000000	0000										42	29.07.2026	1				0				000000000000000000	1014								0		0	00000000	
ROW181|700	003004311490	0001	E		000	00000000					000000	0000		0	42	0	0	TO	TO	000000000015000177	0	0					000000000000	0.0	X	0.0		X			1014	FJWN	1	1	0			FG01			1014	40	ZPFG	29.07.2026	29.07.2026	1					0.00		9004834535			1008		000000000000000000		0000000000	0000	0000000000	0000										42	29.07.2026	1				0				000000000000000000	1014								0		0	00000000	
ROW182|700	003004311542	0001	E		000	00000000					000000	0000		0	40	0	0	TO	TO	000000000015000177	0	0					000000000000	0.0	X	0.0		X			1079	FKDT	1	1	0			FG01			1079	40	ZPFG	29.07.2026	29.07.2026	1					0.00		9004834737			1029		000000000000000000		0000000000	0000	0000000000	0000										40	29.07.2026	1				0				000000000000000000	1079								0		0	00000000	
ROW183|700	003004311543	0001	E		000	00000000					000000	0000		0	40	0	0	TO	TO	000000000015000177	0	0					000000000000	0.0	X	0.0		X			1079	FKDT	1	1	0			FG01			1079	40	ZPFG	29.07.2026	29.07.2026	1					0.00		9004834738			1029		000000000000000000		0000000000	0000	0000000000	0000										40	29.07.2026	1				0				000000000000000000	1079								0		0	00000000	
ROW184|700	003004311606	0001	E		000	00000000					000000	0000		0	35	0	0	TO	TO	000000000015000177	0	0					000000000000	0.0	X	0.0		X			1014	FJWN	1	1	0			FG01			1014	40	ZPFG	29.07.2026	29.07.2026	1					0.00		9004834891			1008		000000000000000000		0000000000	0000	0000000000	0000										35	29.07.2026	1				0				000000000000000000	1014								0		0	00000000	
ROW185|700	003004311608	0001	E		000	00000000					000000	0000		0	45	0	0	TO	TO	000000000015000177	0	0					000000000000	0.0	X	0.0		X			1014	FJWN	1	1	0			FG01			1014	40	ZPFG	29.07.2026	29.07.2026	1					0.00		9004834893			1008		000000000000000000		0000000000	0000	0000000000	0000										45	29.07.2026	1				0				000000000000000000	1014								0		0	00000000	
ROW186|700	003004311610	0001	E		000	00000000					000000	0000		0	25	0	0	TO	TO	000000000015000177	0	0					000000000000	0.0	X	0.0		X			1014	FJWN	1	1	0			FG01			1014	40	ZPFG	29.07.2026	29.07.2026	1					0.00		9004834895			1008		000000000000000000		0000000000	0000	0000000000	0000										25	29.07.2026	1				0				000000000000000000	1014								0		0	00000000	
ROW187|700	003004311611	0001	E		000	00000000					000000	0000		0	25	0	0	TO	TO	000000000015000177	0	0					000000000000	0.0	X	0.0		X			1014	FJWN	1	1	0			FG01			1014	40	ZPFG	29.07.2026	29.07.2026	1					0.00		9004834897			1008		000000000000000000		0000000000	0000	0000000000	0000										25	29.07.2026	1				0				000000000000000000	1014								0		0	00000000	
ROW188|700	003004311835	0001	E		000	00000000					000000	0000		0	33	0	0	TO	TO	000000000015000177	0	0					000000000000	0.0	X	0.0		X			1014	FJWN	1	1	0			FG01			1014	40	ZPFG	29.07.2026	29.07.2026	1					0.00		9004835355			1008		000000000000000000		0000000000	0000	0000000000	0000										33	29.07.2026	1				0				000000000000000000	1014								0		0	00000000	
ROW189|700	003004311861	0001	E		000	00000000					000000	0000		0	45	0	0	TO	TO	000000000015000177	0	0					000000000000	0.0	X	0.0		X			1014	FJWN	1	1	0			FG01			1014	40	ZPFG	29.07.2026	29.07.2026	1					0.00		9004835396			1008		000000000000000000		0000000000	0000	0000000000	0000										45	29.07.2026	1				0				000000000000000000	1014								0		0	00000000	
ROW190|700	003004311992	0001	E		000	00000000					000000	0000		0	10	0	0	TO	TO	000000000015000177	0	0					000000000000	0.0	X	0.0		X			1014	FJWN	1	1	0			FG01			1014	40	ZPFG	29.07.2026	29.07.2026	1					0.00		9004835607			1008		000000000000000000		0000000000	0000	0000000000	0000										10	29.07.2026	1				0				000000000000000000	1014								0		0	00000000	
ROW191|700	003004312096	0001	E		000	00000000					000000	0000		0	45	0	0	TO	TO	000000000015000177	0	0					000000000000	0.0	X	0.0		X			1014	FJWN	1	1	0			FG01			1014	40	ZPFG	29.07.2026	29.07.2026	1					0.00		9004835809			1008		000000000000000000		0000000000	0000	0000000000	0000										45	29.07.2026	1				0				000000000000000000	1014								0		0	00000000	
ROW192|700	003004312390	0001	E		000	00000000					000000	0000		0	42	0	0	TO	TO	000000000015000177	0	0					000000000000	0.0	X	0.0		X			1004	FNWL	1	1	0			FG01			1004	40	ZPFG	29.07.2026	29.07.2026	1					0.00		9004836376			1008		000000000000000000		0000000000	0000	0000000000	0000										42	29.07.2026	1				0				000000000000000000	1004								0		0	00000000	
ROW193|700	003004312391	0001	E		000	00000000					000000	0000		0	42	0	0	TO	TO	000000000015000177	0	0					000000000000	0.0	X	0.0		X			1004	FNWL	1	1	0			FG01			1004	40	ZPFG	29.07.2026	29.07.2026	1					0.00		9004836377			1008		000000000000000000		0000000000	0000	0000000000	0000										42	29.07.2026	1				0				000000000000000000	1004								0		0	00000000	
ROW194|700	003004312392	0001	E		000	00000000					000000	0000		0	42	0	0	TO	TO	000000000015000177	0	0					000000000000	0.0	X	0.0		X			1004	FNWL	1	1	0			FG01			1004	40	ZPFG	29.07.2026	29.07.2026	1					0.00		9004836378			1008		000000000000000000		0000000000	0000	0000000000	0000										42	29.07.2026	1				0				000000000000000000	1004								0		0	00000000	
ROW195|700	003004312393	0001	E		000	00000000					000000	0000		0	42	0	0	TO	TO	000000000015000177	0	0					000000000000	0.0	X	0.0		X			1004	FNWL	1	1	0			FG01			1004	40	ZPFG	29.07.2026	29.07.2026	1					0.00		9004836380			1008		000000000000000000		0000000000	0000	0000000000	0000										42	29.07.2026	1				0				000000000000000000	1004								0		0	00000000	
ROW196|700	003004312488	0001	E		000	00000000					000000	0000		0	41.500	0	0	TO	TO	000000000015000177	0	0					000000000000	0.0	X	0.0		X			1004	FNWL	1	1	0			FG01			1004	40	ZPFG	29.07.2026	29.07.2026	1					0.00		9004836577			1008		000000000000000000		0000000000	0000	0000000000	0000										41.500	29.07.2026	1				0				000000000000000000	1004								0		0	00000000	
ROW197|700	003004312527	0001	E		000	00000000					000000	0000		0	45	0	0	TO	TO	000000000015000177	0	0					000000000000	0.0	X	0.0		X			1010	FUPG	1	1	0			FG01			1010	40	ZPFG	29.07.2026	29.07.2026	1					0.00		9004836669			1009		000000000000000000		0000000000	0000	0000000000	0000										45	29.07.2026	1				0				000000000000000000	1010								0		0	00000000	
ROW198|700	003004312528	0001	E		000	00000000					000000	0000		0	45	0	0	TO	TO	000000000015000177	0	0					000000000000	0.0	X	0.0		X			1010	FUPG	1	1	0			FG01			1010	40	ZPFG	29.07.2026	29.07.2026	1					0.00		9004836670			1009		000000000000000000		0000000000	0000	0000000000	0000										45	29.07.2026	1				0				000000000000000000	1010								0		0	00000000	
ROW199|700	003004365836	0001	E		000	00000000					000000	0000		0	42	0	0	TO	TO	000000000015000177	0	0					000000000000	0.0	X	0.0		X			1000	FBWR	1	1	0			FG01			1000	40	ZPFG	18.09.2026	18.09.2026	1					0.00		9004953592			1008		000000000000000000		0000000000	0000	0000000000	0000										42	18.09.2026	1				0				000000000000000000	1000								0		0	00000000	
