SESSION|QS4/700 located at connection[0] session[0]|user=QNOVATE8
SELFIELD|ctxtI3-LOW=000000000015000177
TABLE|AFPO
TITLE|Data Browser: Table AFPO Select Entries        200
SBAR|Selection restricted to 200 hits
ALV|rows=200|cols=100
HDR|MANDT	AUFNR	POSNR	PSOBS	QUNUM	QUPOS	PROJN	PLNUM	STRMP	ETRMP	KDAUF	KDPOS	KDEIN	BESKZ	PSAMG	PSMNG	WEMNG	IAMNG	AMEIN	MEINS	MATNR	PAMNG	PGMNG	KNTTP	TPAUF	LTRMI	LTRMP	KALNR	UEBTO	UEBTK	UNTTO	INSMK	WEPOS	BWTAR	BWTTY	PWERK	LGORT	UMREZ	UMREN	WEBAZ	ELIKZ	SAFNR	VERID	SERNR	TECHS	DWERK	DAUTY	DAUAT	DGLTP	DGLTS	DFREI	DNREL	VERTO	SOBKZ	KZVBR	WEWRT	WEUNB	ABLAD	WEMPF	CHARG	GSBER	WEAED	CUOBJ	KBNKZ	ARSNR	ARSPS	KRSNR	KRSPS	KCKEY	RTP01	RTP02	RTP03	RTP04	KSVON	KSBIS	OBJNP	NDISR	VFMNG	GSBTR	KZAVC	KZBWS	XLOEK	SERNP	ANZSN	OBJTYPE	CH_PROC	FXPRU	CUOBJ_ROOT	BERID	TECHS_COPY	SGT_SCAT	KUNNR2	FSH_SEASON_YEAR	FSH_SEASON	FSH_COLLECTION	FSH_THEME	FSH_SALLOC_QTY	MILL_OC_AUFNR_U	MILL_OC_RUMNG	MILL_OC_SORT	
ROW0|700	003000016029	0001	E		000	00000000					000000	0000		0	38	0	0	TO	TO	000000000015000177	0	0					000000000000	0.0	X	0.0		X			1004	FNWL	1	1	0			FG01			1004	40	ZPFG	04.02.2024	04.02.2024	1	X				0.00		0080024045			1008		000000000000000000		0000000000	0000	0000000000	0000										0	31.12.9999	1				0				000000000000000000	1004								0		0	00000000	
ROW1|700	003000019396	0001	E		000	00000000					000000	0000		0	1	0	0	TO	TO	000000000015000177	0	0					000000000000	0.0	X	0.0		X			1004	FNWL	1	1	0			FG01			1004	40	ZPFG	05.02.2024	05.02.2024		X				0.00		0080030020			1008		000000000000000000		0000000000	0000	0000000000	0000										0	31.12.9999	1				0				000000000000000000	1004								0		0	00000000	
ROW2|700	003000019397	0001	E		000	00000000					000000	0000		0	1	0	0	TO	TO	000000000015000177	0	0					000000000000	0.0	X	0.0		X			1004	FNWL	1	1	0			FG01			1004	40	ZPFG	05.02.2024	05.02.2024		X				0.00		0080030022			1008		000000000000000000		0000000000	0000	0000000000	0000										0	31.12.9999	1				0				000000000000000000	1004								0		0	00000000	
ROW3|700	003000019398	0001	E		000	00000000					000000	0000		0	1	0	0	TO	TO	000000000015000177	0	0					000000000000	0.0	X	0.0		X			1004	FNWL	1	1	0			FG01			1004	40	ZPFG	05.02.2024	05.02.2024		X				0.00		0080030023			1008		000000000000000000		0000000000	0000	0000000000	0000										0	31.12.9999	1				0				000000000000000000	1004								0		0	00000000	
ROW4|700	003000019399	0001	E		000	00000000					000000	0000		0	1	0	0	TO	TO	000000000015000177	0	0					000000000000	0.0	X	0.0		X			1004	FNWL	1	1	0			FG01			1004	40	ZPFG	05.02.2024	05.02.2024		X				0.00		0080030024			1008		000000000000000000		0000000000	0000	0000000000	0000										0	31.12.9999	1				0				000000000000000000	1004								0		0	00000000	
ROW5|700	003000019400	0001	E		000	00000000					000000	0000		0	1	0	0	TO	TO	000000000015000177	0	0					000000000000	0.0	X	0.0		X			1004	FNWL	1	1	0			FG01			1004	40	ZPFG	05.02.2024	05.02.2024		X				0.00		0080030025			1008		000000000000000000		0000000000	0000	0000000000	0000										0	31.12.9999	1				0				000000000000000000	1004								0		0	00000000	
ROW6|700	003000019401	0001	E		000	00000000					000000	0000		0	1	0	0	TO	TO	000000000015000177	0	0					000000000000	0.0	X	0.0		X			1004	FNWL	1	1	0			FG01			1004	40	ZPFG	05.02.2024	05.02.2024		X				0.00		0080030027			1008		000000000000000000		0000000000	0000	0000000000	0000										0	31.12.9999	1				0				000000000000000000	1004								0		0	00000000	
ROW7|700	003000019403	0001	E		000	00000000					000000	0000		0	1	0	0	TO	TO	000000000015000177	0	0					000000000000	0.0	X	0.0		X			1004	FNWL	1	1	0			FG01			1004	40	ZPFG	05.02.2024	05.02.2024		X				0.00		0080030028			1008		000000000000000000		0000000000	0000	0000000000	0000										0	31.12.9999	1				0				000000000000000000	1004								0		0	00000000	
ROW8|700	003000019405	0001	E		000	00000000					000000	0000		0	1	0	0	TO	TO	000000000015000177	0	0					000000000000	0.0	X	0.0		X			1004	FNWL	1	1	0			FG01			1004	40	ZPFG	05.02.2024	05.02.2024		X				0.00		0080030030			1008		000000000000000000		0000000000	0000	0000000000	0000										0	31.12.9999	1				0				000000000000000000	1004								0		0	00000000	
ROW9|700	003000019406	0001	E		000	00000000					000000	0000		0	1	0	0	TO	TO	000000000015000177	0	0					000000000000	0.0	X	0.0		X			1004	FNWL	1	1	0			FG01			1004	40	ZPFG	05.02.2024	05.02.2024		X				0.00		0080030031			1008		000000000000000000		0000000000	0000	0000000000	0000										0	31.12.9999	1				0				000000000000000000	1004								0		0	00000000	
ROW10|700	003000019407	0001	E		000	00000000					000000	0000		0	1	0	0	TO	TO	000000000015000177	0	0					000000000000	0.0	X	0.0		X			1004	FNWL	1	1	0			FG01			1004	40	ZPFG	05.02.2024	05.02.2024		X				0.00		0080030033			1008		000000000000000000		0000000000	0000	0000000000	0000										0	31.12.9999	1				0				000000000000000000	1004								0		0	00000000	
ROW11|700	003000019409	0001	E		000	00000000					000000	0000		0	1	0	0	TO	TO	000000000015000177	0	0					000000000000	0.0	X	0.0		X			1004	FNWL	1	1	0			FG01			1004	40	ZPFG	05.02.2024	05.02.2024		X				0.00		0080030034			1008		000000000000000000		0000000000	0000	0000000000	0000										0	31.12.9999	1				0				000000000000000000	1004								0		0	00000000	
ROW12|700	003000019410	0001	E		000	00000000					000000	0000		0	1	0	0	TO	TO	000000000015000177	0	0					000000000000	0.0	X	0.0		X			1004	FNWL	1	1	0			FG01			1004	40	ZPFG	05.02.2024	05.02.2024		X				0.00		0080030035			1008		000000000000000000		0000000000	0000	0000000000	0000										0	31.12.9999	1				0				000000000000000000	1004								0		0	00000000	
ROW13|700	003000019411	0001	E		000	00000000					000000	0000		0	1	0	0	TO	TO	000000000015000177	0	0					000000000000	0.0	X	0.0		X			1004	FNWL	1	1	0			FG01			1004	40	ZPFG	05.02.2024	05.02.2024		X				0.00		0080030036			1008		000000000000000000		0000000000	0000	0000000000	0000										0	31.12.9999	1				0				000000000000000000	1004								0		0	00000000	
ROW14|700	003000019412	0001	E		000	00000000					000000	0000		0	1	0	0	TO	TO	000000000015000177	0	0					000000000000	0.0	X	0.0		X			1004	FNWL	1	1	0			FG01			1004	40	ZPFG	05.02.2024	05.02.2024		X				0.00		0080030037			1008		000000000000000000		0000000000	0000	0000000000	0000										0	31.12.9999	1				0				000000000000000000	1004								0		0	00000000	
ROW15|700	003000019413	0001	E		000	00000000					000000	0000		0	1	0	0	TO	TO	000000000015000177	0	0					000000000000	0.0	X	0.0		X			1004	FNWL	1	1	0			FG01			1004	40	ZPFG	05.02.2024	05.02.2024		X				0.00		0080030038			1008		000000000000000000		0000000000	0000	0000000000	0000										0	31.12.9999	1				0				000000000000000000	1004								0		0	00000000	
ROW16|700	003000019414	0001	E		000	00000000					000000	0000		0	1	0	0	TO	TO	000000000015000177	0	0					000000000000	0.0	X	0.0		X			1004	FNWL	1	1	0			FG01			1004	40	ZPFG	05.02.2024	05.02.2024		X				0.00		0080030039			1008		000000000000000000		0000000000	0000	0000000000	0000										0	31.12.9999	1				0				000000000000000000	1004								0		0	00000000	
ROW17|700	003000019415	0001	E		000	00000000					000000	0000		0	1	0	0	TO	TO	000000000015000177	0	0					000000000000	0.0	X	0.0		X			1004	FNWL	1	1	0			FG01			1004	40	ZPFG	05.02.2024	05.02.2024		X				0.00		0080030041			1008		000000000000000000		0000000000	0000	0000000000	0000										0	31.12.9999	1				0				000000000000000000	1004								0		0	00000000	
ROW18|700	003000019417	0001	E		000	00000000					000000	0000		0	1	0	0	TO	TO	000000000015000177	0	0					000000000000	0.0	X	0.0		X			1004	FNWL	1	1	0			FG01			1004	40	ZPFG	05.02.2024	05.02.2024		X				0.00		0080030043			1008		000000000000000000		0000000000	0000	0000000000	0000										0	31.12.9999	1				0				000000000000000000	1004								0		0	00000000	
ROW19|700	003000019419	0001	E		000	00000000					000000	0000		0	1	0	0	TO	TO	000000000015000177	0	0					000000000000	0.0	X	0.0		X			1004	FNWL	1	1	0			FG01			1004	40	ZPFG	05.02.2024	05.02.2024		X				0.00		0080030045			1008		000000000000000000		0000000000	0000	0000000000	0000										0	31.12.9999	1				0				000000000000000000	1004								0		0	00000000	
ROW20|700	003000019420	0001	E		000	00000000					000000	0000		0	1	0	0	TO	TO	000000000015000177	0	0					000000000000	0.0	X	0.0		X			1004	FNWL	1	1	0			FG01			1004	40	ZPFG	05.02.2024	05.02.2024		X				0.00		0080030046			1008		000000000000000000		0000000000	0000	0000000000	0000										0	31.12.9999	1				0				000000000000000000	1004								0		0	00000000	
ROW21|700	003000019421	0001	E		000	00000000					000000	0000		0	1	0	0	TO	TO	000000000015000177	0	0					000000000000	0.0	X	0.0		X			1004	FNWL	1	1	0			FG01			1004	40	ZPFG	05.02.2024	05.02.2024		X				0.00		0080030047			1008		000000000000000000		0000000000	0000	0000000000	0000										0	31.12.9999	1				0				000000000000000000	1004								0		0	00000000	
ROW22|700	003000019422	0001	E		000	00000000					000000	0000		0	1	0	0	TO	TO	000000000015000177	0	0					000000000000	0.0	X	0.0		X			1004	FNWL	1	1	0			FG01			1004	40	ZPFG	05.02.2024	05.02.2024		X				0.00		0080030048			1008		000000000000000000		0000000000	0000	0000000000	0000										0	31.12.9999	1				0				000000000000000000	1004								0		0	00000000	
ROW23|700	003000019423	0001	E		000	00000000					000000	0000		0	1	0	0	TO	TO	000000000015000177	0	0					000000000000	0.0	X	0.0		X			1004	FNWL	1	1	0			FG01			1004	40	ZPFG	05.02.2024	05.02.2024		X				0.00		0080030049			1008		000000000000000000		0000000000	0000	0000000000	0000										0	31.12.9999	1				0				000000000000000000	1004								0		0	00000000	
ROW24|700	003000019424	0001	E		000	00000000					000000	0000		0	1	0	0	TO	TO	000000000015000177	0	0					000000000000	0.0	X	0.0		X			1004	FNWL	1	1	0			FG01			1004	40	ZPFG	05.02.2024	05.02.2024		X				0.00		0080030051			1008		000000000000000000		0000000000	0000	0000000000	0000										0	31.12.9999	1				0				000000000000000000	1004								0		0	00000000	
ROW25|700	003000019425	0001	E		000	00000000					000000	0000		0	1	0	0	TO	TO	000000000015000177	0	0					000000000000	0.0	X	0.0		X			1004	FNWL	1	1	0			FG01			1004	40	ZPFG	05.02.2024	05.02.2024		X				0.00		0080030052			1008		000000000000000000		0000000000	0000	0000000000	0000										0	31.12.9999	1				0				000000000000000000	1004								0		0	00000000	
ROW26|700	003000019426	0001	E		000	00000000					000000	0000		0	1	0	0	TO	TO	000000000015000177	0	0					000000000000	0.0	X	0.0		X			1004	FNWL	1	1	0			FG01			1004	40	ZPFG	05.02.2024	05.02.2024		X				0.00		0080030053			1008		000000000000000000		0000000000	0000	0000000000	0000										0	31.12.9999	1				0				000000000000000000	1004								0		0	00000000	
ROW27|700	003000019427	0001	E		000	00000000					000000	0000		0	1	0	0	TO	TO	000000000015000177	0	0					000000000000	0.0	X	0.0		X			1004	FNWL	1	1	0			FG01			1004	40	ZPFG	05.02.2024	05.02.2024		X				0.00		0080030055			1008		000000000000000000		0000000000	0000	0000000000	0000										0	31.12.9999	1				0				000000000000000000	1004								0		0	00000000	
ROW28|700	003000019429	0001	E		000	00000000					000000	0000		0	1	0	0	TO	TO	000000000015000177	0	0					000000000000	0.0	X	0.0		X			1004	FNWL	1	1	0			FG01			1004	40	ZPFG	05.02.2024	05.02.2024		X				0.00		0080030056			1008		000000000000000000		0000000000	0000	0000000000	0000										0	31.12.9999	1				0				000000000000000000	1004								0		0	00000000	
ROW29|700	003000019430	0001	E		000	00000000					000000	0000		0	1	0	0	TO	TO	000000000015000177	0	0					000000000000	0.0	X	0.0		X			1004	FNWL	1	1	0			FG01			1004	40	ZPFG	05.02.2024	05.02.2024		X				0.00		0080030058			1008		000000000000000000		0000000000	0000	0000000000	0000										0	31.12.9999	1				0				000000000000000000	1004								0		0	00000000	
ROW30|700	003000019431	0001	E		000	00000000					000000	0000		0	1	0	0	TO	TO	000000000015000177	0	0					000000000000	0.0	X	0.0		X			1004	FNWL	1	1	0			FG01			1004	40	ZPFG	05.02.2024	05.02.2024		X				0.00		0080030059			1008		000000000000000000		0000000000	0000	0000000000	0000										0	31.12.9999	1				0				000000000000000000	1004								0		0	00000000	
ROW31|700	003000019432	0001	E		000	00000000					000000	0000		0	1	0	0	TO	TO	000000000015000177	0	0					000000000000	0.0	X	0.0		X			1004	FNWL	1	1	0			FG01			1004	40	ZPFG	05.02.2024	05.02.2024		X				0.00		0080030061			1008		000000000000000000		0000000000	0000	0000000000	0000										0	31.12.9999	1				0				000000000000000000	1004								0		0	00000000	
ROW32|700	003000019434	0001	E		000	00000000					000000	0000		0	1	0	0	TO	TO	000000000015000177	0	0					000000000000	0.0	X	0.0		X			1004	FNWL	1	1	0			FG01			1004	40	ZPFG	05.02.2024	05.02.2024		X				0.00		0080030062			1008		000000000000000000		0000000000	0000	0000000000	0000										0	31.12.9999	1				0				000000000000000000	1004								0		0	00000000	
ROW33|700	003000019435	0001	E		000	00000000					000000	0000		0	1	0	0	TO	TO	000000000015000177	0	0					000000000000	0.0	X	0.0		X			1004	FNWL	1	1	0			FG01			1004	40	ZPFG	05.02.2024	05.02.2024		X				0.00		0080030063			1008		000000000000000000		0000000000	0000	0000000000	0000										0	31.12.9999	1				0				000000000000000000	1004								0		0	00000000	
ROW34|700	003000019436	0001	E		000	00000000					000000	0000		0	1	0	0	TO	TO	000000000015000177	0	0					000000000000	0.0	X	0.0		X			1004	FNWL	1	1	0			FG01			1004	40	ZPFG	05.02.2024	05.02.2024		X				0.00		0080030064			1008		000000000000000000		0000000000	0000	0000000000	0000										0	31.12.9999	1				0				000000000000000000	1004								0		0	00000000	
ROW35|700	003000019437	0001	E		000	00000000					000000	0000		0	1	0	0	TO	TO	000000000015000177	0	0					000000000000	0.0	X	0.0		X			1004	FNWL	1	1	0			FG01			1004	40	ZPFG	05.02.2024	05.02.2024		X				0.00		0080030065			1008		000000000000000000		0000000000	0000	0000000000	0000										0	31.12.9999	1				0				000000000000000000	1004								0		0	00000000	
ROW36|700	003000019438	0001	E		000	00000000					000000	0000		0	1	0	0	TO	TO	000000000015000177	0	0					000000000000	0.0	X	0.0		X			1004	FNWL	1	1	0			FG01			1004	40	ZPFG	05.02.2024	05.02.2024		X				0.00		0080030066			1008		000000000000000000		0000000000	0000	0000000000	0000										0	31.12.9999	1				0				000000000000000000	1004								0		0	00000000	
ROW37|700	003000019439	0001	E		000	00000000					000000	0000		0	1	0	0	TO	TO	000000000015000177	0	0					000000000000	0.0	X	0.0		X			1004	FNWL	1	1	0			FG01			1004	40	ZPFG	05.02.2024	05.02.2024		X				0.00		0080030067			1008		000000000000000000		0000000000	0000	0000000000	0000										0	31.12.9999	1				0				000000000000000000	1004								0		0	00000000	
ROW38|700	003000019440	0001	E		000	00000000					000000	0000		0	1	0	0	TO	TO	000000000015000177	0	0					000000000000	0.0	X	0.0		X			1004	FNWL	1	1	0			FG01			1004	40	ZPFG	05.02.2024	05.02.2024		X				0.00		0080030068			1008		000000000000000000		0000000000	0000	0000000000	0000										0	31.12.9999	1				0				000000000000000000	1004								0		0	00000000	
ROW39|700	003000026166	0001	E		000	00000000					000000	0000		0	42	0	0	TO	TO	000000000015000177	0	0					000000000000	0.0	X	0.0		X			1002	FRAS	1	1	0			FG01			1002	40	ZPFG	07.02.2024	07.02.2024		X				0.00		0080042684			1008		000000000000000000		0000000000	0000	0000000000	0000										5.150	31.12.9999	1				0				000000000000000000	1002								0		0	00000000	
ROW40|700	003000026174	0001	E		000	00000000					000000	0000		0	42	0	0	TO	TO	000000000015000177	0	0					000000000000	0.0	X	0.0		X			1002	FRAS	1	1	0			FG01			1002	40	ZPFG	07.02.2024	07.02.2024		X				0.00		0080042693			1008		000000000000000000		0000000000	0000	0000000000	0000										5.150	31.12.9999	1				0				000000000000000000	1002								0		0	00000000	
ROW41|700	003000026177	0001	E		000	00000000					000000	0000		0	42	0	0	TO	TO	000000000015000177	0	0					000000000000	0.0	X	0.0		X			1002	FRAS	1	1	0			FG01			1002	40	ZPFG	07.02.2024	07.02.2024		X				0.00		0080042696			1008		000000000000000000		0000000000	0000	0000000000	0000										5.150	31.12.9999	1				0				000000000000000000	1002								0		0	00000000	
ROW42|700	003000026232	0001	E		000	00000000					000000	0000		0	42	0	0	TO	TO	000000000015000177	0	0					000000000000	0.0	X	0.0		X			1002	FRAS	1	1	0			FG01			1002	40	ZPFG	07.02.2024	07.02.2024		X				0.00		0080042806			1008		000000000000000000		0000000000	0000	0000000000	0000										5.150	31.12.9999	1				0				000000000000000000	1002								0		0	00000000	
ROW43|700	003000026288	0001	E		000	00000000					000000	0000		0	42	0	0	TO	TO	000000000015000177	0	0					000000000000	0.0	X	0.0		X			1002	FRAS	1	1	0			FG01			1002	40	ZPFG	07.02.2024	07.02.2024		X				0.00		0080042909			1008		000000000000000000		0000000000	0000	0000000000	0000										5.150	31.12.9999	1				0				000000000000000000	1002								0		0	00000000	
ROW44|700	003000199354	0001	E		000	00000000					000000	0000		0	25	0	0	TO	TO	000000000015000177	0	0					000000000000	0.0	X	0.0		X			1042	FNBC	1	1	0			FG01			1042	40	ZPFG	11.03.2024	11.03.2024		X				0.00		0080377902			1010		000000000000000000		0000000000	0000	0000000000	0000										0	31.12.9999	1				0				000000000000000000	1042								0		0	00000000	
ROW45|700	003000199355	0001	E		000	00000000					000000	0000		0	5	0	0	TO	TO	000000000015000177	0	0					000000000000	0.0	X	0.0		X			1042	FNBC	1	1	0			FG01			1042	40	ZPFG	11.03.2024	11.03.2024		X				0.00		0080377904			1010		000000000000000000		0000000000	0000	0000000000	0000										0	31.12.9999	1				0				000000000000000000	1042								0		0	00000000	
ROW46|700	003000304930	0001	E		000	00000000					000000	0000		0	25	0	0	TO	TO	000000000015000177	0	0					000000000000	0.0	X	0.0		X			1041	FBGU	1	1	0			FG01			1041	40	ZPFG	31.03.2024	31.03.2024		X				0.00		0080584632			1010		000000000000000000		0000000000	0000	0000000000	0000										12.303	31.12.9999	1				0				000000000000000000	1041								0		0	00000000	
ROW47|700	003000305053	0001	E		000	00000000					000000	0000		0	25	0	0	TO	TO	000000000015000177	0	0					000000000000	0.0	X	0.0		X			1041	FBGU	1	1	0			FG01			1041	40	ZPFG	31.03.2024	31.03.2024		X				0.00		0080584912			1010		000000000000000000		0000000000	0000	0000000000	0000										12.303	31.12.9999	1				0				000000000000000000	1041								0		0	00000000	
ROW48|700	003000305089	0001	E		000	00000000					000000	0000		0	20	0	0	TO	TO	000000000015000177	0	0					000000000000	0.0	X	0.0		X			1041	FBGU	1	1	0			FG01			1041	40	ZPFG	31.03.2024	31.03.2024		X				0.00		0080585004			1010		000000000000000000		0000000000	0000	0000000000	0000										12.303	31.12.9999	1				0				000000000000000000	1041								0		0	00000000	
ROW49|700	003000861952	0001	E		000	00000000					000000	0000		0	35	0	0	TO	TO	000000000015000177	0	0					000000000000	0.0	X	0.0		X			1070	FKDL	1	1	0			FG01			1070	40	ZPFG	29.07.2024	29.07.2024	1	X				0.00		0081666899			1029		000000000000000000		0000000000	0000	0000000000	0000										4.500	31.12.9999	1				0				000000000000000000	1070								0		0	00000000	
ROW50|700	003000987530	0001	E		000	00000000					000000	0000		0	42	0	0	TO	TO	000000000015000177	0	0					000000000000	0.0	X	0.0		X			1005	FKGU	1	1	0			FG01			1005	40	ZPFG	30.08.2024	30.08.2024	1	X				0.00		0081907924			1008		000000000000000000		0000000000	0000	0000000000	0000										0	31.12.9999	1				0				000000000000000000	1005								0		0	00000000	
ROW51|700	003000987617	0001	E		000	00000000					000000	0000		0	42	0	0	TO	TO	000000000015000177	0	0					000000000000	0.0	X	0.0		X			1005	FKGU	1	1	0			FG01			1005	40	ZPFG	30.08.2024	30.08.2024	1	X				0.00		0081908073			1008		000000000000000000		0000000000	0000	0000000000	0000										0	31.12.9999	1				0				000000000000000000	1005								0		0	00000000	
ROW52|700	003000987762	0001	E		000	00000000					000000	0000		0	42	0	0	TO	TO	000000000015000177	0	0					000000000000	0.0	X	0.0		X			1005	FKGU	1	1	0			FG01			1005	40	ZPFG	30.08.2024	30.08.2024	1	X				0.00		0081908313			1008		000000000000000000		0000000000	0000	0000000000	0000										0	31.12.9999	1				0				000000000000000000	1005								0		0	00000000	
ROW53|700	003000987813	0001	E		000	00000000					000000	0000		0	42	0	0	TO	TO	000000000015000177	0	0					000000000000	0.0	X	0.0		X			1005	FKGU	1	1	0			FG01			1005	40	ZPFG	30.08.2024	30.08.2024	1	X				0.00		0081908387			1008		000000000000000000		0000000000	0000	0000000000	0000										0	31.12.9999	1				0				000000000000000000	1005								0		0	00000000	
ROW54|700	003000990514	0001	E		000	00000000					000000	0000		0	42	0	0	TO	TO	000000000015000177	0	0					000000000000	0.0	X	0.0		X			1005	FKGU	1	1	0			FG01			1005	40	ZPFG	30.08.2024	30.08.2024	1	X				0.00		0081914490			1008		000000000000000000		0000000000	0000	0000000000	0000										0	31.12.9999	1				0				000000000000000000	1005								0		0	00000000	
ROW55|700	003001625369	0001	E		000	00000000					000000	0000		0	30	0	0	TO	TO	000000000015000177	0	0					000000000000	0.0	X	0.0		X			1042	FNBC	1	1	0			FG01			1042	40	ZPFG	20.01.2025	20.01.2025	1	X				0.00		0083130936			1010		000000000000000000		0000000000	0000	0000000000	0000										0.750	31.12.9999	1				0				000000000000000000	1042								0		0	00000000	
ROW56|700	003001625370	0001	E		000	00000000					000000	0000		0	30	0	0	TO	TO	000000000015000177	0	0					000000000000	0.0	X	0.0		X			1042	FNBC	1	1	0			FG01			1042	40	ZPFG	20.01.2025	20.01.2025	1	X				0.00		0083130937			1010		000000000000000000		0000000000	0000	0000000000	0000										0.750	31.12.9999	1				0				000000000000000000	1042								0		0	00000000	
ROW57|700	003001625372	0001	E		000	00000000					000000	0000		0	35	0	0	TO	TO	000000000015000177	0	0					000000000000	0.0	X	0.0		X			1042	FNBC	1	1	0			FG01			1042	40	ZPFG	20.01.2025	20.01.2025	1	X				0.00		0083130945			1010		000000000000000000		0000000000	0000	0000000000	0000										0.750	31.12.9999	1				0				000000000000000000	1042								0		0	00000000	
ROW58|700	003001626198	0001	E		000	00000000					000000	0000		0	50	0	0	TO	TO	000000000015000177	0	0					000000000000	0.0	X	0.0		X			1070	FKDL	1	1	0			FG01			1070	40	ZPFG	20.01.2025	20.01.2025	1	X				0.00		0083132293			1029		000000000000000000		0000000000	0000	0000000000	0000										14.800	31.12.9999	1				0				000000000000000000	1070								0		0	00000000	
ROW59|700	003001688859	0001	E		000	00000000					000000	0000		0	38	0	0	TO	TO	000000000015000177	0	0					000000000000	0.0	X	0.0		X			1042	FNBC	1	1	0			FG01			1042	40	ZPFG	01.02.2025	01.02.2025	1	X				0.00		0083257182			1010		000000000000000000		0000000000	0000	0000000000	0000										4.650	31.12.9999	1				0				000000000000000000	1042								0		0	00000000	
ROW60|700	003001729388	0001	E		000	00000000					000000	0000		0	50	0	0	TO	TO	000000000015000177	0	0					000000000000	0.0	X	0.0		X			1041	FBGU	1	1	0			FG01			1041	40	ZPFG	09.02.2025	09.02.2025		X				0.00		0083332168			1010		000000000000000000		0000000000	0000	0000000000	0000										10.219	31.12.9999	1				0				000000000000000000	1041								0		0	00000000	
ROW61|700	003001729389	0001	E		000	00000000					000000	0000		0	50	0	0	TO	TO	000000000015000177	0	0					000000000000	0.0	X	0.0		X			1041	FBGU	1	1	0			FG01			1041	40	ZPFG	09.02.2025	09.02.2025		X				0.00		0083332169			1010		000000000000000000		0000000000	0000	0000000000	0000										10.219	31.12.9999	1				0				000000000000000000	1041								0		0	00000000	
ROW62|700	003001735267	0001	E		000	00000000					000000	0000		0	42	0	0	TO	TO	000000000015000177	0	0					000000000000	0.0	X	0.0		X			1005	FKGU	1	1	0			FG01			1005	40	ZPFG	10.02.2025	10.02.2025	1	X				0.00		0083343073			1008		000000000000000000		0000000000	0000	0000000000	0000										25.800	31.12.9999	1				0				000000000000000000	1005								0		0	00000000	
ROW63|700	003001735276	0001	E		000	00000000					000000	0000		0	42	0	0	TO	TO	000000000015000177	0	0					000000000000	0.0	X	0.0		X			1005	FKGU	1	1	0			FG01			1005	40	ZPFG	10.02.2025	10.02.2025	1	X				0.00		0083343094			1008		000000000000000000		0000000000	0000	0000000000	0000										25.800	31.12.9999	1				0				000000000000000000	1005								0		0	00000000	
ROW64|700	003001735482	0001	E		000	00000000					000000	0000		0	42	0	0	TO	TO	000000000015000177	0	0					000000000000	0.0	X	0.0		X			1005	FKGU	1	1	0			FG01			1005	40	ZPFG	10.02.2025	10.02.2025	1	X				0.00		0083343501			1008		000000000000000000		0000000000	0000	0000000000	0000										25.800	31.12.9999	1				0				000000000000000000	1005								0		0	00000000	
ROW65|700	003001735605	0001	E		000	00000000					000000	0000		0	42	0	0	TO	TO	000000000015000177	0	0					000000000000	0.0	X	0.0		X			1005	FKGU	1	1	0			FG01			1005	40	ZPFG	10.02.2025	10.02.2025	1	X				0.00		0083343772			1008		000000000000000000		0000000000	0000	0000000000	0000										25.800	31.12.9999	1				0				000000000000000000	1005								0		0	00000000	
ROW66|700	003001751671	0001	E		000	00000000					000000	0000		0	35	0	0	TO	TO	000000000015000177	0	0					000000000000	0.0	X	0.0		X			1041	FBGU	1	1	0			FG01			1041	40	ZPFG	13.02.2025	13.02.2025		X				0.00		0083375470			1010		000000000000000000		0000000000	0000	0000000000	0000										10.219	31.12.9999	1				0				000000000000000000	1041								0		0	00000000	
ROW67|700	003001760368	0001	E		000	00000000					000000	0000		0	25	0	0	TO	TO	000000000015000177	0	0					000000000000	0.0	X	0.0		X			1041	FBGU	1	1	0			FG01			1041	40	ZPFG	15.02.2025	15.02.2025		X				0.00		0083398504			1010		000000000000000000		0000000000	0000	0000000000	0000										10.219	31.12.9999	1				0				000000000000000000	1041								0		0	00000000	
ROW68|700	003001760369	0001	E		000	00000000					000000	0000		0	25	0	0	TO	TO	000000000015000177	0	0					000000000000	0.0	X	0.0		X			1041	FBGU	1	1	0			FG01			1041	40	ZPFG	15.02.2025	15.02.2025		X				0.00		0083398506			1010		000000000000000000		0000000000	0000	0000000000	0000										10.219	31.12.9999	1				0				000000000000000000	1041								0		0	00000000	
ROW69|700	003001760370	0001	E		000	00000000					000000	0000		0	25	0	0	TO	TO	000000000015000177	0	0					000000000000	0.0	X	0.0		X			1041	FBGU	1	1	0			FG01			1041	40	ZPFG	15.02.2025	15.02.2025		X				0.00		0083398507			1010		000000000000000000		0000000000	0000	0000000000	0000										10.219	31.12.9999	1				0				000000000000000000	1041								0		0	00000000	
ROW70|700	003001761159	0001	E		000	00000000					000000	0000		0	31	0	0	TO	TO	000000000015000177	0	0					000000000000	0.0	X	0.0		X			1041	FBGU	1	1	0			FG01			1041	40	ZPFG	15.02.2025	15.02.2025		X				0.00		0083399893			1010		000000000000000000		0000000000	0000	0000000000	0000										10.219	31.12.9999	1				0				000000000000000000	1041								0		0	00000000	
ROW71|700	003001768802	0001	E		000	00000000					000000	0000		0	30	0	0	TO	TO	000000000015000177	0	0					000000000000	0.0	X	0.0		X			1041	FBGU	1	1	0			FG01			1041	40	ZPFG	17.02.2025	17.02.2025		X				0.00		0083416054			1010		000000000000000000		0000000000	0000	0000000000	0000										10.219	31.12.9999	1				0				000000000000000000	1041								0		0	00000000	
ROW72|700	003001782011	0001	E		000	00000000					000000	0000		0	42	0	0	TO	TO	000000000015000177	0	0					000000000000	0.0	X	0.0		X			1041	FBGU	1	1	0			FG01			1041	40	ZPFG	19.02.2025	19.02.2025		X				0.00		0083440405			1010		000000000000000000		0000000000	0000	0000000000	0000										10.219	31.12.9999	1				0				000000000000000000	1041								0		0	00000000	
ROW73|700	003001792128	0001	E		000	00000000					000000	0000		0	25	0	0	TO	TO	000000000015000177	0	0					000000000000	0.0	X	0.0		X			1041	FBGU	1	1	0			FG01			1041	40	ZPFG	21.02.2025	21.02.2025		X				0.00		0083459158			1010		000000000000000000		0000000000	0000	0000000000	0000										10.219	31.12.9999	1				0				000000000000000000	1041								0		0	00000000	
ROW74|700	003001794865	0001	E		000	00000000					000000	0000		0	42	0	0	TO	TO	000000000015000177	0	0					000000000000	0.0	X	0.0		X			1041	FBGU	1	1	0			FG01			1041	40	ZPFG	22.02.2025	22.02.2025	1	X				0.00		0083465153			1010		000000000000000000		0000000000	0000	0000000000	0000										10.219	31.12.9999	1				0				000000000000000000	1041								0		0	00000000	
ROW75|700	003001814842	0001	E		000	00000000					000000	0000		0	42	0	0	TO	TO	000000000015000177	0	0					000000000000	0.0	X	0.0		X			1041	FBGU	1	1	0			FG01			1041	40	ZPFG	26.02.2025	26.02.2025	1	X				0.00		0083503575			1010		000000000000000000		0000000000	0000	0000000000	0000										10.219	31.12.9999	1				0				000000000000000000	1041								0		0	00000000	
ROW76|700	003001822012	0001	E		000	00000000					000000	0000		0	50	0	0	TO	TO	000000000015000177	0	0					000000000000	0.0	X	0.0		X			1042	FNBC	1	1	0			FG01			1042	40	ZPFG	27.02.2025	27.02.2025	1	X				0.00		0083516353			1010		000000000000000000		0000000000	0000	0000000000	0000										48.015	31.12.9999	1				0				000000000000000000	1042								0		0	00000000	
ROW77|700	003001822013	0001	E		000	00000000					000000	0000		0	50	0	0	TO	TO	000000000015000177	0	0					000000000000	0.0	X	0.0		X			1042	FNBC	1	1	0			FG01			1042	40	ZPFG	27.02.2025	27.02.2025	1	X				0.00		0083516354			1010		000000000000000000		0000000000	0000	0000000000	0000										48.015	31.12.9999	1				0				000000000000000000	1042								0		0	00000000	
ROW78|700	003001822014	0001	E		000	00000000					000000	0000		0	50	0	0	TO	TO	000000000015000177	0	0					000000000000	0.0	X	0.0		X			1042	FNBC	1	1	0			FG01			1042	40	ZPFG	27.02.2025	27.02.2025	1	X				0.00		0083516355			1010		000000000000000000		0000000000	0000	0000000000	0000										48.015	31.12.9999	1				0				000000000000000000	1042								0		0	00000000	
ROW79|700	003001825738	0001	E		000	00000000					000000	0000		0	50	0	0	TO	TO	000000000015000177	0	0					000000000000	0.0	X	0.0		X			1042	FNBC	1	1	0			FG01			1042	40	ZPFG	27.02.2025	27.02.2025	1	X				0.00		0083524118			1010		000000000000000000		0000000000	0000	0000000000	0000										48.015	31.12.9999	1				0				000000000000000000	1042								0		0	00000000	
ROW80|700	003001825739	0001	E		000	00000000					000000	0000		0	50	0	0	TO	TO	000000000015000177	0	0					000000000000	0.0	X	0.0		X			1042	FNBC	1	1	0			FG01			1042	40	ZPFG	27.02.2025	27.02.2025	1	X				0.00		0083524119			1010		000000000000000000		0000000000	0000	0000000000	0000										48.015	31.12.9999	1				0				000000000000000000	1042								0		0	00000000	
ROW81|700	003001825740	0001	E		000	00000000					000000	0000		0	50	0	0	TO	TO	000000000015000177	0	0					000000000000	0.0	X	0.0		X			1042	FNBC	1	1	0			FG01			1042	40	ZPFG	27.02.2025	27.02.2025	1	X				0.00		0083524120			1010		000000000000000000		0000000000	0000	0000000000	0000										48.015	31.12.9999	1				0				000000000000000000	1042								0		0	00000000	
ROW82|700	003001828633	0001	E		000	00000000					000000	0000		0	50	0	0	TO	TO	000000000015000177	0	0					000000000000	0.0	X	0.0		X			1042	FNBC	1	1	0			FG01			1042	40	ZPFG	28.02.2025	28.02.2025	1	X				0.00		0083530663			1010		000000000000000000		0000000000	0000	0000000000	0000										48.015	31.12.9999	1				0				000000000000000000	1042								0		0	00000000	
ROW83|700	003001849662	0001	E		000	00000000					000000	0000		0	50	0	0	TO	TO	000000000015000177	0	0					000000000000	0.0	X	0.0		X			1041	FBGU	1	1	0			FG01			1041	40	ZPFG	04.03.2025	04.03.2025		X				0.00		0083575393			1010		000000000000000000		0000000000	0000	0000000000	0000										10.219	31.12.9999	1				0				000000000000000000	1041								0		0	00000000	
ROW84|700	003001858959	0001	E		000	00000000					000000	0000		0	50	0	0	TO	TO	000000000015000177	0	0					000000000000	0.0	X	0.0		X			1041	FBGU	1	1	0			FG01			1041	40	ZPFG	06.03.2025	06.03.2025	1	X				0.00		0083592203			1010		000000000000000000		0000000000	0000	0000000000	0000										10.219	31.12.9999	1				0				000000000000000000	1041								0		0	00000000	
ROW85|700	003001869406	0001	E		000	00000000					000000	0000		0	42	0	0	TO	TO	000000000015000177	0	0					000000000000	0.0	X	0.0		X			1041	FBGU	1	1	0			FG01			1041	40	ZPFG	08.03.2025	08.03.2025		X				0.00		0083612512			1010		000000000000000000		0000000000	0000	0000000000	0000										10.219	31.12.9999	1				0				000000000000000000	1041								0		0	00000000	
ROW86|700	003001872852	0001	E		000	00000000					000000	0000		0	42	0	0	TO	TO	000000000015000177	0	0					000000000000	0.0	X	0.0		X			1041	FBGU	1	1	0			FG01			1041	40	ZPFG	08.03.2025	08.03.2025		X				0.00		0083618580			1010		000000000000000000		0000000000	0000	0000000000	0000										10.219	31.12.9999	1				0				000000000000000000	1041								0		0	00000000	
ROW87|700	003001898766	0001	E		000	00000000					000000	0000		0	35	0	0	TO	TO	000000000015000177	0	0					000000000000	0.0	X	0.0		X			1041	FBGU	1	1	0			FG01			1041	40	ZPFG	16.03.2025	16.03.2025		X				0.00		0083671721			1010		000000000000000000		0000000000	0000	0000000000	0000										10.219	31.12.9999	1				0				000000000000000000	1041								0		0	00000000	
ROW88|700	003001907923	0001	E		000	00000000					000000	0000		0	35	0	0	TO	TO	000000000015000177	0	0					000000000000	0.0	X	0.0		X			1041	FBGU	1	1	0			FG01			1041	40	ZPFG	18.03.2025	18.03.2025		X				0.00		0083689483			1010		000000000000000000		0000000000	0000	0000000000	0000										10.219	31.12.9999	1				0				000000000000000000	1041								0		0	00000000	
ROW89|700	003001918349	0001	E		000	00000000					000000	0000		0	50	0	0	TO	TO	000000000015000177	0	0					000000000000	0.0	X	0.0		X			1041	FBGU	1	1	0			FG01			1041	40	ZPFG	20.03.2025	20.03.2025		X				0.00		0083708698			1010		000000000000000000		0000000000	0000	0000000000	0000										10.219	31.12.9999	1				0				000000000000000000	1041								0		0	00000000	
ROW90|700	003001939269	0001	E		000	00000000					000000	0000		0	35	0	0	TO	TO	000000000015000177	0	0					000000000000	0.0	X	0.0		X			1041	FBGU	1	1	0			FG01			1041	40	ZPFG	24.03.2025	24.03.2025		X				0.00		0083749063			1010		000000000000000000		0000000000	0000	0000000000	0000										10.219	31.12.9999	1				0				000000000000000000	1041								0		0	00000000	
ROW91|700	003001943713	0001	E		000	00000000					000000	0000		0	30	0	0	TO	TO	000000000015000177	0	0					000000000000	0.0	X	0.0		X			1041	FBGU	1	1	0			FG01			1041	40	ZPFG	25.03.2025	25.03.2025		X				0.00		0083757760			1010		000000000000000000		0000000000	0000	0000000000	0000										10.219	31.12.9999	1				0				000000000000000000	1041								0		0	00000000	
ROW92|700	003001967726	0001	E		000	00000000					000000	0000		0	50	0	0	TO	TO	000000000015000177	0	0					000000000000	0.0	X	0.0		X			1041	FBGU	1	1	0			FG01			1041	40	ZPFG	29.03.2025	29.03.2025		X				0.00		0083805461			1010		000000000000000000		0000000000	0000	0000000000	0000										10.219	31.12.9999	1				0				000000000000000000	1041								0		0	00000000	
ROW93|700	003001967727	0001	E		000	00000000					000000	0000		0	50	0	0	TO	TO	000000000015000177	0	0					000000000000	0.0	X	0.0		X			1041	FBGU	1	1	0			FG01			1041	40	ZPFG	29.03.2025	29.03.2025		X				0.00		0083805462			1010		000000000000000000		0000000000	0000	0000000000	0000										10.219	31.12.9999	1				0				000000000000000000	1041								0		0	00000000	
ROW94|700	003002009837	0001	E		000	00000000					000000	0000		0	25	0	0	TO	TO	000000000015000177	0	0					000000000000	0.0	X	0.0		X			1041	FBGU	1	1	0			FG01			1041	40	ZPFG	07.04.2025	07.04.2025		X				0.00		9000027448			1010		000000000000000000		0000000000	0000	0000000000	0000										10.219	31.12.9999	1				0				000000000000000000	1041								0		0	00000000	
ROW95|700	003002044918	0001	E		000	00000000					000000	0000		0	42	0	0	TO	TO	000000000015000177	0	0					000000000000	0.0	X	0.0		X			1041	FBGU	1	1	0			FG01			1041	40	ZPFG	15.04.2025	15.04.2025	1	X				0.00		9000095739			1010		000000000000000000		0000000000	0000	0000000000	0000										10.219	31.12.9999	1				0				000000000000000000	1041								0		0	00000000	
ROW96|700	003002048494	0001	E		000	00000000					000000	0000		0	30	0	0	TO	TO	000000000015000177	0	0					000000000000	0.0	X	0.0		X			1041	FBGU	1	1	0			FG01			1041	40	ZPFG	16.04.2025	16.04.2025		X				0.00		9000102317			1010		000000000000000000		0000000000	0000	0000000000	0000										10.219	31.12.9999	1				0				000000000000000000	1041								0		0	00000000	
ROW97|700	003002048495	0001	E		000	00000000					000000	0000		0	30	0	0	TO	TO	000000000015000177	0	0					000000000000	0.0	X	0.0		X			1041	FBGU	1	1	0			FG01			1041	40	ZPFG	16.04.2025	16.04.2025		X				0.00		9000102318			1010		000000000000000000		0000000000	0000	0000000000	0000										10.219	31.12.9999	1				0				000000000000000000	1041								0		0	00000000	
ROW98|700	003002048958	0001	E		000	00000000					000000	0000		0	30	0	0	TO	TO	000000000015000177	0	0					000000000000	0.0	X	0.0		X			1041	FBGU	1	1	0			FG01			1041	40	ZPFG	16.04.2025	16.04.2025	1	X				0.00		9000103203			1010		000000000000000000		0000000000	0000	0000000000	0000										10.219	31.12.9999	1				0				000000000000000000	1041								0		0	00000000	
ROW99|700	003002048959	0001	E		000	00000000					000000	0000		0	30	0	0	TO	TO	000000000015000177	0	0					000000000000	0.0	X	0.0		X			1041	FBGU	1	1	0			FG01			1041	40	ZPFG	16.04.2025	16.04.2025	1	X				0.00		9000103204			1010		000000000000000000		0000000000	0000	0000000000	0000										10.219	31.12.9999	1				0				000000000000000000	1041								0		0	00000000	
ROW100|700	003002049945	0001	E		000	00000000					000000	0000		0	42	0	0	TO	TO	000000000015000177	0	0					000000000000	0.0	X	0.0		X			1041	FBGU	1	1	0			FG01			1041	40	ZPFG	17.04.2025	17.04.2025	1	X				0.00		9000105405			1010		000000000000000000		0000000000	0000	0000000000	0000										10.219	31.12.9999	1				0				000000000000000000	1041								0		0	00000000	
ROW101|700	003002096249	0001	E		000	00000000					000000	0000		0	35	0	0	TO	TO	000000000015000177	0	0					000000000000	0.0	X	0.0		X			1041	FBGU	1	1	0			FG01			1041	40	ZPFG	27.04.2025	27.04.2025	1	X				0.00		9000192108			1010		000000000000000000		0000000000	0000	0000000000	0000										10.219	31.12.9999	1				0				000000000000000000	1041								0		0	00000000	
ROW102|700	003002566777	0001	E		000	00000000					000000	0000		0	25	0	0	TO	TO	000000000015000177	0	0					000000000000	0.0	X	0.0		X			1041	FBGU	1	1	0			FG01			1041	40	ZPFG	07.08.2025	07.08.2025		X				0.00		9001113013			1010		000000000000000000		0000000000	0000	0000000000	0000										0	31.12.9999	1				0				000000000000000000	1041								0		0	00000000	
ROW103|700	003002572442	0001	E		000	00000000					000000	0000		0	30	0	0	TO	TO	000000000015000177	0	0					000000000000	0.0	X	0.0		X			1041	FBGU	1	1	0			FG01			1041	40	ZPFG	09.08.2025	09.08.2025		X				0.00		9001124644			1010		000000000000000000		0000000000	0000	0000000000	0000										0	31.12.9999	1				0				000000000000000000	1041								0		0	00000000	
ROW104|700	003002827933	0001	E		000	00000000					000000	0000		0	35	0	0	TO	TO	000000000015000177	0	0					000000000000	0.0	X	0.0		X			1046	FNRC	1	1	0			FG01			1046	40	ZPFG	08.10.2025	08.10.2025	1	X				0.00		9001647121			1022		000000000000000000		0000000000	0000	0000000000	0000										16.600	31.12.9999	1				0				000000000000000000	1046								0		0	00000000	
ROW105|700	003002828757	0001	E		000	00000000					000000	0000		0	30	0	0	TO	TO	000000000015000177	0	0					000000000000	0.0	X	0.0		X			1046	FNRC	1	1	0			FG01			1046	40	ZPFG	08.10.2025	08.10.2025	1	X				0.00		9001648848			1022		000000000000000000		0000000000	0000	0000000000	0000										16.600	31.12.9999	1				0				000000000000000000	1046								0		0	00000000	
ROW106|700	003002829021	0001	E		000	00000000					000000	0000		0	30	0	0	TO	TO	000000000015000177	0	0					000000000000	0.0	X	0.0		X			1046	FNRC	1	1	0			FG01			1046	40	ZPFG	08.10.2025	08.10.2025	1	X				0.00		9001649458			1022		000000000000000000		0000000000	0000	0000000000	0000										16.600	31.12.9999	1				0				000000000000000000	1046								0		0	00000000	
ROW107|700	003002829356	0001	E		000	00000000					000000	0000		0	35	0	0	TO	TO	000000000015000177	0	0					000000000000	0.0	X	0.0		X			1046	FNRC	1	1	0			FG01			1046	40	ZPFG	08.10.2025	08.10.2025	1	X				0.00		9001650075			1022		000000000000000000		0000000000	0000	0000000000	0000										16.600	31.12.9999	1				0				000000000000000000	1046								0		0	00000000	
ROW108|700	003002829744	0001	E		000	00000000					000000	0000		0	30	0	0	TO	TO	000000000015000177	0	0					000000000000	0.0	X	0.0		X			1046	FNRC	1	1	0			FG01			1046	40	ZPFG	08.10.2025	08.10.2025	1	X				0.00		9001650738			1022		000000000000000000		0000000000	0000	0000000000	0000										16.600	31.12.9999	1				0				000000000000000000	1046								0		0	00000000	
ROW109|700	003002829778	0001	E		000	00000000					000000	0000		0	30	0	0	TO	TO	000000000015000177	0	0					000000000000	0.0	X	0.0		X			1046	FNRC	1	1	0			FG01			1046	40	ZPFG	08.10.2025	08.10.2025	1	X				0.00		9001650844			1022		000000000000000000		0000000000	0000	0000000000	0000										16.600	31.12.9999	1				0				000000000000000000	1046								0		0	00000000	
ROW110|700	003002830004	0001	E		000	00000000					000000	0000		0	30	0	0	TO	TO	000000000015000177	0	0					000000000000	0.0	X	0.0		X			1046	FNRC	1	1	0			FG01			1046	40	ZPFG	08.10.2025	08.10.2025	1	X				0.00		9001651338			1022		000000000000000000		0000000000	0000	0000000000	0000										16.600	31.12.9999	1				0				000000000000000000	1046								0		0	00000000	
ROW111|700	003002830160	0001	E		000	00000000					000000	0000		0	30	0	0	TO	TO	000000000015000177	0	0					000000000000	0.0	X	0.0		X			1046	FNRC	1	1	0			FG01			1046	40	ZPFG	08.10.2025	08.10.2025	1	X				0.00		9001651619			1022		000000000000000000		0000000000	0000	0000000000	0000										16.600	31.12.9999	1				0				000000000000000000	1046								0		0	00000000	
ROW112|700	003002831352	0001	E		000	00000000					000000	0000		0	35	0	0	TO	TO	000000000015000177	0	0					000000000000	0.0	X	0.0		X			1046	FNRC	1	1	0			FG01			1046	40	ZPFG	09.10.2025	09.10.2025	1	X				0.00		9001654034			1022		000000000000000000		0000000000	0000	0000000000	0000										16.600	31.12.9999	1				0				000000000000000000	1046								0		0	00000000	
ROW113|700	003002832992	0001	E		000	00000000					000000	0000		0	35	0	0	TO	TO	000000000015000177	0	0					000000000000	0.0	X	0.0		X			1046	FNRC	1	1	0			FG01			1046	40	ZPFG	09.10.2025	09.10.2025	1	X				0.00		9001656946			1022		000000000000000000		0000000000	0000	0000000000	0000										16.600	31.12.9999	1				0				000000000000000000	1046								0		0	00000000	
ROW114|700	003002833538	0001	E		000	00000000					000000	0000		0	36	0	0	TO	TO	000000000015000177	0	0					000000000000	0.0	X	0.0		X			1046	FNRC	1	1	0			FG01			1046	40	ZPFG	09.10.2025	09.10.2025	1	X				0.00		9001658008			1022		000000000000000000		0000000000	0000	0000000000	0000										16.600	31.12.9999	1				0				000000000000000000	1046								0		0	00000000	
ROW115|700	003002833596	0001	E		000	00000000					000000	0000		0	40	0	0	TO	TO	000000000015000177	0	0					000000000000	0.0	X	0.0		X			1046	FNRC	1	1	0			FG01			1046	40	ZPFG	09.10.2025	09.10.2025	1	X				0.00		9001658139			1022		000000000000000000		0000000000	0000	0000000000	0000										16.600	31.12.9999	1				0				000000000000000000	1046								0		0	00000000	
ROW116|700	003002835476	0001	E		000	00000000					000000	0000		0	32	0	0	TO	TO	000000000015000177	0	0					000000000000	0.0	X	0.0		X			1046	FNRC	1	1	0			FG01			1046	40	ZPFG	10.10.2025	10.10.2025	1	X				0.00		9001661878			1022		000000000000000000		0000000000	0000	0000000000	0000										16.600	31.12.9999	1				0				000000000000000000	1046								0		0	00000000	
ROW117|700	003002835480	0001	E		000	00000000					000000	0000		0	32	0	0	TO	TO	000000000015000177	0	0					000000000000	0.0	X	0.0		X			1046	FNRC	1	1	0			FG01			1046	40	ZPFG	10.10.2025	10.10.2025	1	X				0.00		9001661886			1022		000000000000000000		0000000000	0000	0000000000	0000										16.600	31.12.9999	1				0				000000000000000000	1046								0		0	00000000	
ROW118|700	003002835484	0001	E		000	00000000					000000	0000		0	32	0	0	TO	TO	000000000015000177	0	0					000000000000	0.0	X	0.0		X			1046	FNRC	1	1	0			FG01			1046	40	ZPFG	10.10.2025	10.10.2025	1	X				0.00		9001661890			1022		000000000000000000		0000000000	0000	0000000000	0000										16.600	31.12.9999	1				0				000000000000000000	1046								0		0	00000000	
ROW119|700	003002835517	0001	E		000	00000000					000000	0000		0	36	0	0	TO	TO	000000000015000177	0	0					000000000000	0.0	X	0.0		X			1046	FNRC	1	1	0			FG01			1046	40	ZPFG	10.10.2025	10.10.2025	1	X				0.00		9001661935			1022		000000000000000000		0000000000	0000	0000000000	0000										16.600	31.12.9999	1				0				000000000000000000	1046								0		0	00000000	
ROW120|700	003002835563	0001	E		000	00000000					000000	0000		0	32	0	0	TO	TO	000000000015000177	0	0					000000000000	0.0	X	0.0		X			1046	FNRC	1	1	0			FG01			1046	40	ZPFG	10.10.2025	10.10.2025	1	X				0.00		9001662008			1022		000000000000000000		0000000000	0000	0000000000	0000										16.600	31.12.9999	1				0				000000000000000000	1046								0		0	00000000	
ROW121|700	003002835575	0001	E		000	00000000					000000	0000		0	32	0	0	TO	TO	000000000015000177	0	0					000000000000	0.0	X	0.0		X			1046	FNRC	1	1	0			FG01			1046	40	ZPFG	10.10.2025	10.10.2025	1	X				0.00		9001662102			1022		000000000000000000		0000000000	0000	0000000000	0000										16.600	31.12.9999	1				0				000000000000000000	1046								0		0	00000000	
ROW122|700	003002933232	0001	E		000	00000000					000000	0000		0	5,000	0	0	TO	TO	000000000015000177	0	0					000000000000	0.0	X	0.0		X			1040	FRPR	1	1	0			FG01			1040	40	ZPFG	03.11.2025	03.11.2025		X				0.00		9001875270			1022		000000000000000000		0000000000	0000	0000000000	0000										1,494.487	31.12.9999	1				0				000000000000000000	1040								0		0	00000000	
ROW123|700	003002983012	0001	E		000	00000000					000000	0000		0	43	0	0	TO	TO	000000000015000177	0	0					000000000000	0.0	X	0.0		X			1004	FNWL	1	1	0			FG01			1004	40	ZPFG	14.11.2025	14.11.2025	1	X				0.00		9001980714			1008		000000000000000000		0000000000	0000	0000000000	0000										0	31.12.9999	1				0				000000000000000000	1004								0		0	00000000	
ROW124|700	003002983416	0001	E		000	00000000					000000	0000		0	40	0	0	TO	TO	000000000015000177	0	0					000000000000	0.0	X	0.0		X			1004	FNWL	1	1	0			FG01			1004	40	ZPFG	14.11.2025	14.11.2025	1	X				0.00		9001981529			1008		000000000000000000		0000000000	0000	0000000000	0000										0	31.12.9999	1				0				000000000000000000	1004								0		0	00000000	
ROW125|700	003002983847	0001	E		000	00000000					000000	0000		0	40	0	0	TO	TO	000000000015000177	0	0					000000000000	0.0	X	0.0		X			1004	FNWL	1	1	0			FG01			1004	40	ZPFG	14.11.2025	14.11.2025	1	X				0.00		9001982444			1008		000000000000000000		0000000000	0000	0000000000	0000										0	31.12.9999	1				0				000000000000000000	1004								0		0	00000000	
ROW126|700	003002983901	0001	E		000	00000000					000000	0000		0	45	0	0	TO	TO	000000000015000177	0	0					000000000000	0.0	X	0.0		X			1004	FNWL	1	1	0			FG01			1004	40	ZPFG	15.11.2025	15.11.2025	1	X				0.00		9001982558			1008		000000000000000000		0000000000	0000	0000000000	0000										0	31.12.9999	1				0				000000000000000000	1004								0		0	00000000	
ROW127|700	003002983905	0001	E		000	00000000					000000	0000		0	45	0	0	TO	TO	000000000015000177	0	0					000000000000	0.0	X	0.0		X			1004	FNWL	1	1	0			FG01			1004	40	ZPFG	15.11.2025	15.11.2025	1	X				0.00		9001982562			1008		000000000000000000		0000000000	0000	0000000000	0000										0	31.12.9999	1				0				000000000000000000	1004								0		0	00000000	
ROW128|700	003002983924	0001	E		000	00000000					000000	0000		0	42	0	0	TO	TO	000000000015000177	0	0					000000000000	0.0	X	0.0		X			1004	FNWL	1	1	0			FG01			1004	40	ZPFG	15.11.2025	15.11.2025	1	X				0.00		9001982612			1008		000000000000000000		0000000000	0000	0000000000	0000										0	31.12.9999	1				0				000000000000000000	1004								0		0	00000000	
ROW129|700	003002983926	0001	E		000	00000000					000000	0000		0	42	0	0	TO	TO	000000000015000177	0	0					000000000000	0.0	X	0.0		X			1004	FNWL	1	1	0			FG01			1004	40	ZPFG	15.11.2025	15.11.2025	1	X				0.00		9001982614			1008		000000000000000000		0000000000	0000	0000000000	0000										0	31.12.9999	1				0				000000000000000000	1004								0		0	00000000	
ROW130|700	003002983949	0001	E		000	00000000					000000	0000		0	42	0	0	TO	TO	000000000015000177	0	0					000000000000	0.0	X	0.0		X			1004	FNWL	1	1	0			FG01			1004	40	ZPFG	15.11.2025	15.11.2025	1	X				0.00		9001982659			1008		000000000000000000		0000000000	0000	0000000000	0000										0	31.12.9999	1				0				000000000000000000	1004								0		0	00000000	
ROW131|700	003002983963	0001	E		000	00000000					000000	0000		0	42	0	0	TO	TO	000000000015000177	0	0					000000000000	0.0	X	0.0		X			1004	FNWL	1	1	0			FG01			1004	40	ZPFG	15.11.2025	15.11.2025	1	X				0.00		9001982706			1008		000000000000000000		0000000000	0000	0000000000	0000										0	31.12.9999	1				0				000000000000000000	1004								0		0	00000000	
ROW132|700	003002983964	0001	E		000	00000000					000000	0000		0	42	0	0	TO	TO	000000000015000177	0	0					000000000000	0.0	X	0.0		X			1004	FNWL	1	1	0			FG01			1004	40	ZPFG	15.11.2025	15.11.2025	1	X				0.00		9001982707			1008		000000000000000000		0000000000	0000	0000000000	0000										0	31.12.9999	1				0				000000000000000000	1004								0		0	00000000	
ROW133|700	003003149115	0001	E		000	00000000					000000	0000		0	30	0	0	TO	TO	000000000015000177	0	0					000000000000	0.0	X	0.0		X			1041	FBGU	1	1	0			FG01			1041	40	ZPFG	19.12.2025	19.12.2025		X				0.00		9002332934			1010		000000000000000000		0000000000	0000	0000000000	0000										0	31.12.9999	1				0				000000000000000000	1041								0		0	00000000	
ROW134|700	003003202739	0001	E		000	00000000					000000	0000		0	35	0	0	TO	TO	000000000015000177	0	0					000000000000	0.0	X	0.0		X			1040	FRPR	1	1	0			FG01			1040	40	ZPFG	29.12.2025	29.12.2025		X				0.00		9002444193			1022		000000000000000000		0000000000	0000	0000000000	0000										0	31.12.9999	1				0				000000000000000000	1040								0		0	00000000	
ROW135|700	003003203406	0001	E		000	00000000					000000	0000		0	35	0	0	TO	TO	000000000015000177	0	0					000000000000	0.0	X	0.0		X			1040	FRPR	1	1	0			FG01			1040	40	ZPFG	30.12.2025	30.12.2025		X				0.00		9002446135			1022		000000000000000000		0000000000	0000	0000000000	0000										0	31.12.9999	1				0				000000000000000000	1040								0		0	00000000	
ROW136|700	003003205262	0001	E		000	00000000					000000	0000		0	0.250	0	0	TO	TO	000000000015000177	0	0					000000000000	0.0	X	0.0		X			1040	FRPR	1	1	0			FG01			1040	40	ZPFG	30.12.2025	30.12.2025		X				0.00		9002449825			1022		000000000000000000		0000000000	0000	0000000000	0000										0	31.12.9999	1				0				000000000000000000	1040								0		0	00000000	
ROW137|700	003003217442	0001	E		000	00000000					000000	0000		0	60	0	0	TO	TO	000000000015000177	0	0					000000000000	0.0	X	0.0		X			1041	FBGU	1	1	0			FG01			1041	40	ZPFG	01.01.2026	01.01.2026		X				0.00		9002478818			1010		000000000000000000		0000000000	0000	0000000000	0000										0	31.12.9999	1				0				000000000000000000	1041								0		0	00000000	
ROW138|700	003003219221	0001	E		000	00000000					000000	0000		0	35	0	0	TO	TO	000000000015000177	0	0					000000000000	0.0	X	0.0		X			1040	FRPR	1	1	0			FG01			1040	40	ZPFG	02.01.2026	02.01.2026		X				0.00		9002482602			1022		000000000000000000		0000000000	0000	0000000000	0000										0	31.12.9999	1				0				000000000000000000	1040								0		0	00000000	
ROW139|700	003003219222	0001	E		000	00000000					000000	0000		0	35	0	0	TO	TO	000000000015000177	0	0					000000000000	0.0	X	0.0		X			1040	FRPR	1	1	0			FG01			1040	40	ZPFG	02.01.2026	02.01.2026		X				0.00		9002482603			1022		000000000000000000		0000000000	0000	0000000000	0000										0	31.12.9999	1				0				000000000000000000	1040								0		0	00000000	
ROW140|700	003003226878	0001	E		000	00000000					000000	0000		0	35	0	0	TO	TO	000000000015000177	0	0					000000000000	0.0	X	0.0		X			1040	FRPR	1	1	0			FG01			1040	40	ZPFG	03.01.2026	03.01.2026		X				0.00		9002498281			1022		000000000000000000		0000000000	0000	0000000000	0000										0	31.12.9999	1				0				000000000000000000	1040								0		0	00000000	
ROW141|700	003003226880	0001	E		000	00000000					000000	0000		0	35	0	0	TO	TO	000000000015000177	0	0					000000000000	0.0	X	0.0		X			1040	FRPR	1	1	0			FG01			1040	40	ZPFG	03.01.2026	03.01.2026		X				0.00		9002498283			1022		000000000000000000		0000000000	0000	0000000000	0000										0	31.12.9999	1				0				000000000000000000	1040								0		0	00000000	
ROW142|700	003003293285	0001	E		000	00000000					000000	0000		0	31.500	0	0	TO	TO	000000000015000177	0	0					000000000000	0.0	X	0.0		X			1040	FRPR	1	1	0			FG01			1040	40	ZPFG	16.01.2026	16.01.2026		X				0.00		9002638225			1022		000000000000000000		0000000000	0000	0000000000	0000										0	31.12.9999	1				0				000000000000000000	1040								0		0	00000000	
ROW143|700	003003296358	0001	E		000	00000000					000000	0000		0	35	0	0	TO	TO	000000000015000177	0	0					000000000000	0.0	X	0.0		X			1040	FRPR	1	1	0			FG01			1040	40	ZPFG	17.01.2026	17.01.2026	1	X				0.00		9002645372			1022		000000000000000000		0000000000	0000	0000000000	0000										0	31.12.9999	1				0				000000000000000000	1040								0		0	00000000	
ROW144|700	003003310796	0001	E		000	00000000					000000	0000		0	30	0	0	TO	TO	000000000015000177	0	0					000000000000	0.0	X	0.0		X			1040	FRPR	1	1	0			FG01			1040	40	ZPFG	20.01.2026	20.01.2026		X				0.00		9002676353			1022		000000000000000000		0000000000	0000	0000000000	0000										0	31.12.9999	1				0				000000000000000000	1040								0		0	00000000	
ROW145|700	003003311570	0001	E		000	00000000					000000	0000		0	40	0	0	TO	TO	000000000015000177	0	0					000000000000	0.0	X	0.0		X			1040	FRPR	1	1	0			FG01			1040	40	ZPFG	20.01.2026	20.01.2026		X				0.00		9002677802			1022		000000000000000000		0000000000	0000	0000000000	0000										0	31.12.9999	1				0				000000000000000000	1040								0		0	00000000	
ROW146|700	003003433181	0001	E		000	00000000					000000	0000		0	35	0	0	TO	TO	000000000015000177	0	0					000000000000	0.0	X	0.0		X			1040	FRPR	1	1	0			FG01			1040	40	ZPFG	12.02.2026	12.02.2026		X				0.00		9002943331			1022		000000000000000000		0000000000	0000	0000000000	0000										0	31.12.9999	1				0				000000000000000000	1040								0		0	00000000	
ROW147|700	003003454330	0001	E		000	00000000					000000	0000		0	35	0	0	TO	TO	000000000015000177	0	0					000000000000	0.0	X	0.0		X			1041	FBGU	1	1	0			FG01			1041	40	ZPFG	16.02.2026	16.02.2026		X				0.00		9002991007			1010		000000000000000000		0000000000	0000	0000000000	0000										0	31.12.9999	1				0				000000000000000000	1041								0		0	00000000	
ROW148|700	003003454332	0001	E		000	00000000					000000	0000		0	35	0	0	TO	TO	000000000015000177	0	0					000000000000	0.0	X	0.0		X			1041	FBGU	1	1	0			FG01			1041	40	ZPFG	16.02.2026	16.02.2026		X				0.00		9002991009			1010		000000000000000000		0000000000	0000	0000000000	0000										0	31.12.9999	1				0				000000000000000000	1041								0		0	00000000	
ROW149|700	003003484459	0001	E		000	00000000					000000	0000		0	30	0	0	TO	TO	000000000015000177	0	0					000000000000	0.0	X	0.0		X			1040	FRPR	1	1	0			FG01			1040	40	ZPFG	21.02.2026	21.02.2026		X				0.00		9003055604			1022		000000000000000000		0000000000	0000	0000000000	0000										0	31.12.9999	1				0				000000000000000000	1040								0		0	00000000	
ROW150|700	003003549930	0001	E		000	00000000					000000	0000		0	35	0	0	TO	TO	000000000015000177	0	0					000000000000	0.0	X	0.0		X			1040	FRPR	1	1	0			FG01			1040	40	ZPFG	07.03.2026	07.03.2026		X				0.00		9003212534			1022		000000000000000000		0000000000	0000	0000000000	0000										0.039	31.12.9999	1				0				000000000000000000	1040								0		0	00000000	
ROW151|700	003003602722	0001	E		000	00000000					000000	0000		0	35	0	0	TO	TO	000000000015000177	0	0					000000000000	0.0	X	0.0		X			1040	FRPR	1	1	0			FG01			1040	40	ZPFG	16.03.2026	16.03.2026		X				0.00		9003328109			1022		000000000000000000		0000000000	0000	0000000000	0000										0.039	31.12.9999	1				0				000000000000000000	1040								0		0	00000000	
ROW152|700	003003607441	0001	E		000	00000000					000000	0000		0	0.250	0	0	TO	TO	000000000015000177	0	0					000000000000	0.0	X	0.0		X			1040	FRPR	1	1	0			FG01			1040	40	ZPFG	17.03.2026	17.03.2026		X				0.00		9003338416			1022		000000000000000000		0000000000	0000	0000000000	0000										0.039	31.12.9999	1				0				000000000000000000	1040								0		0	00000000	
ROW153|700	003003608373	0001	E		000	00000000					000000	0000		0	30	0	0	TO	TO	000000000015000177	0	0					000000000000	0.0	X	0.0		X			1040	FRPR	1	1	0			FG01			1040	40	ZPFG	17.03.2026	17.03.2026		X				0.00		9003340449			1022		000000000000000000		0000000000	0000	0000000000	0000										0.039	31.12.9999	1				0				000000000000000000	1040								0		0	00000000	
ROW154|700	003003608374	0001	E		000	00000000					000000	0000		0	30	0	0	TO	TO	000000000015000177	0	0					000000000000	0.0	X	0.0		X			1040	FRPR	1	1	0			FG01			1040	40	ZPFG	17.03.2026	17.03.2026		X				0.00		9003340450			1022		000000000000000000		0000000000	0000	0000000000	0000										0.039	31.12.9999	1				0				000000000000000000	1040								0		0	00000000	
ROW155|700	003003650499	0001	E		000	00000000					000000	0000		0	35	0	0	TO	TO	000000000015000177	0	0					000000000000	0.0	X	0.0		X			1040	FRPR	1	1	0			FG01			1040	40	ZPFG	24.03.2026	24.03.2026		X				0.00		9003431622			1022		000000000000000000		0000000000	0000	0000000000	0000										0	31.12.9999	1				0				000000000000000000	1040								0		0	00000000	
ROW156|700	003003673175	0001	E		000	00000000					000000	0000		0	35	0	0	TO	TO	000000000015000177	0	0					000000000000	0.0	X	0.0		X			1079	FKDT	1	1	0			FG01			1079	40	ZPFG	28.03.2026	28.03.2026	1	X				0.00		9003476688			1029		000000000000000000		0000000000	0000	0000000000	0000										13	31.12.9999	1				0				000000000000000000	1079								0		0	00000000	
ROW157|700	003003673176	0001	E		000	00000000					000000	0000		0	35	0	0	TO	TO	000000000015000177	0	0					000000000000	0.0	X	0.0		X			1079	FKDT	1	1	0			FG01			1079	40	ZPFG	28.03.2026	28.03.2026	1	X				0.00		9003476689			1029		000000000000000000		0000000000	0000	0000000000	0000										13	31.12.9999	1				0				000000000000000000	1079								0		0	00000000	
ROW158|700	003003676437	0001	E		000	00000000					000000	0000		0	26	0	0	TO	TO	000000000015000177	0	0					000000000000	0.0	X	0.0		X			1079	FKDT	1	1	0			FG01			1079	40	ZPFG	28.03.2026	28.03.2026	1	X				0.00		9003483636			1029		000000000000000000		0000000000	0000	0000000000	0000										8	31.12.9999	1				0				000000000000000000	1079								0		0	00000000	
ROW159|700	003003676945	0001	E		000	00000000					000000	0000		0	35	0	0	TO	TO	000000000015000177	0	0					000000000000	0.0	X	0.0		X			1079	FKDT	1	1	0			FG01			1079	40	ZPFG	28.03.2026	28.03.2026	1	X				0.00		9003485189			1029		000000000000000000		0000000000	0000	0000000000	0000										8	31.12.9999	1				0				000000000000000000	1079								0		0	00000000	
ROW160|700	003003676956	0001	E		000	00000000					000000	0000		0	40	0	0	TO	TO	000000000015000177	0	0					000000000000	0.0	X	0.0		X			1079	FKDT	1	1	0			FG01			1079	40	ZPFG	28.03.2026	28.03.2026	1	X				0.00		9003485230			1029		000000000000000000		0000000000	0000	0000000000	0000										8	31.12.9999	1				0				000000000000000000	1079								0		0	00000000	
ROW161|700	003003676958	0001	E		000	00000000					000000	0000		0	40	0	0	TO	TO	000000000015000177	0	0					000000000000	0.0	X	0.0		X			1079	FKDT	1	1	0			FG01			1079	40	ZPFG	28.03.2026	28.03.2026	1	X				0.00		9003485231			1029		000000000000000000		0000000000	0000	0000000000	0000										8	31.12.9999	1				0				000000000000000000	1079								0		0	00000000	
ROW162|700	003003676973	0001	E		000	00000000					000000	0000		0	35	0	0	TO	TO	000000000015000177	0	0					000000000000	0.0	X	0.0		X			1079	FKDT	1	1	0			FG01			1079	40	ZPFG	28.03.2026	28.03.2026	1	X				0.00		9003485256			1029		000000000000000000		0000000000	0000	0000000000	0000										8	31.12.9999	1				0				000000000000000000	1079								0		0	00000000	
ROW163|700	003003677874	0001	E		000	00000000					000000	0000		0	32	0	0	TO	TO	000000000015000177	0	0					000000000000	0.0	X	0.0		X			1079	FKDT	1	1	0			FG01			1079	40	ZPFG	28.03.2026	28.03.2026	1	X				0.00		9003487530			1029		000000000000000000		0000000000	0000	0000000000	0000										8	31.12.9999	1				0				000000000000000000	1079								0		0	00000000	
ROW164|700	003003677878	0001	E		000	00000000					000000	0000		0	35	0	0	TO	TO	000000000015000177	0	0					000000000000	0.0	X	0.0		X			1079	FKDT	1	1	0			FG01			1079	40	ZPFG	28.03.2026	28.03.2026	1	X				0.00		9003487544			1029		000000000000000000		0000000000	0000	0000000000	0000										8	31.12.9999	1				0				000000000000000000	1079								0		0	00000000	
ROW165|700	003003687018	0001	E		000	00000000					000000	0000		0	35	0	0	TO	TO	000000000015000177	0	0					000000000000	0.0	X	0.0		X			1079	FKDT	1	1	0			FG01			1079	40	ZPFG	30.03.2026	30.03.2026	1	X				0.00		9003505952			1029		000000000000000000		0000000000	0000	0000000000	0000										16	31.12.9999	1				0				000000000000000000	1079								0		0	00000000	
ROW166|700	003003687410	0001	E		000	00000000					000000	0000		0	35	0	0	TO	TO	000000000015000177	0	0					000000000000	0.0	X	0.0		X			1079	FKDT	1	1	0			FG01			1079	40	ZPFG	30.03.2026	30.03.2026	1	X				0.00		9003506745			1029		000000000000000000		0000000000	0000	0000000000	0000										16	31.12.9999	1				0				000000000000000000	1079								0		0	00000000	
ROW167|700	003003688170	0001	E		000	00000000					000000	0000		0	20	0	0	TO	TO	000000000015000177	0	0					000000000000	0.0	X	0.0		X			1079	FKDT	1	1	0			FG01			1079	40	ZPFG	30.03.2026	30.03.2026	1	X				0.00		9003508197			1029		000000000000000000		0000000000	0000	0000000000	0000										16	31.12.9999	1				0				000000000000000000	1079								0		0	00000000	
ROW168|700	003003688252	0001	E		000	00000000					000000	0000		0	30	0	0	TO	TO	000000000015000177	0	0					000000000000	0.0	X	0.0		X			1079	FKDT	1	1	0			FG01			1079	40	ZPFG	30.03.2026	30.03.2026	1	X				0.00		9003508324			1029		000000000000000000		0000000000	0000	0000000000	0000										16	31.12.9999	1				0				000000000000000000	1079								0		0	00000000	
ROW169|700	003003689054	0001	E		000	00000000					000000	0000		0	30	0	0	TO	TO	000000000015000177	0	0					000000000000	0.0	X	0.0		X			1040	FRPR	1	1	0			FG01			1040	40	ZPFG	30.03.2026	30.03.2026		X				0.00		9003509628			1022		000000000000000000		0000000000	0000	0000000000	0000										0	31.12.9999	1				0				000000000000000000	1040								0		0	00000000	
ROW170|700	003003690611	0001	E		000	00000000					000000	0000		0	40	0	0	TO	TO	000000000015000177	0	0					000000000000	0.0	X	0.0		X			1079	FKDT	1	1	0			FG01			1079	40	ZPFG	30.03.2026	30.03.2026	1	X				0.00		9003512449			1029		000000000000000000		0000000000	0000	0000000000	0000										2	31.12.9999	1				0				000000000000000000	1079								0		0	00000000	
ROW171|700	003003693956	0001	E		000	00000000					000000	0000		0	32	0	0	TO	TO	000000000015000177	0	0					000000000000	0.0	X	0.0		X			1079	FKDT	1	1	0			FG01			1079	40	ZPFG	31.03.2026	31.03.2026	1	X				0.00		9003421560			1029		000000000000000000		0000000000	0000	0000000000	0000										2	31.12.9999	1				0				000000000000000000	1079								0		0	00000000	
ROW172|700	003003693957	0001	E		000	00000000					000000	0000		0	32	0	0	TO	TO	000000000015000177	0	0					000000000000	0.0	X	0.0		X			1079	FKDT	1	1	0			FG01			1079	40	ZPFG	31.03.2026	31.03.2026	1	X				0.00		9003421561			1029		000000000000000000		0000000000	0000	0000000000	0000										2	31.12.9999	1				0				000000000000000000	1079								0		0	00000000	
ROW173|700	003003694155	0001	E		000	00000000					000000	0000		0	20	0	0	TO	TO	000000000015000177	0	0					000000000000	0.0	X	0.0		X			1079	FKDT	1	1	0			FG01			1079	40	ZPFG	31.03.2026	31.03.2026	1	X				0.00		9003520242			1029		000000000000000000		0000000000	0000	0000000000	0000										2	31.12.9999	1				0				000000000000000000	1079								0		0	00000000	
ROW174|700	003003698677	0001	E		000	00000000					000000	0000		0	37	0	0	TO	TO	000000000015000177	0	0					000000000000	0.0	X	0.0		X			1040	FRPR	1	1	0			FG01			1040	40	ZPFG	31.03.2026	31.03.2026		X				0.00		9003531150			1022		000000000000000000		0000000000	0000	0000000000	0000										0	31.12.9999	1				0				000000000000000000	1040								0		0	00000000	
ROW175|700	003003698841	0001	E		000	00000000					000000	0000		0	37	0	0	TO	TO	000000000015000177	0	0					000000000000	0.0	X	0.0		X			1040	FRPR	1	1	0			FG01			1040	40	ZPFG	31.03.2026	31.03.2026		X				0.00		9003531656			1022		000000000000000000		0000000000	0000	0000000000	0000										0	31.12.9999	1				0				000000000000000000	1040								0		0	00000000	
ROW176|700	003003700446	0001	E		000	00000000					000000	0000		0	35	0	0	TO	TO	000000000015000177	0	0					000000000000	0.0	X	0.0		X			1040	FRPR	1	1	0			FG01			1040	40	ZPFG	31.03.2026	31.03.2026		X				0.00		9003537633			1022		000000000000000000		0000000000	0000	0000000000	0000										0	31.12.9999	1				0				000000000000000000	1040								0		0	00000000	
ROW177|700	003003700447	0001	E		000	00000000					000000	0000		0	35	0	0	TO	TO	000000000015000177	0	0					000000000000	0.0	X	0.0		X			1040	FRPR	1	1	0			FG01			1040	40	ZPFG	31.03.2026	31.03.2026		X				0.00		9003537635			1022		000000000000000000		0000000000	0000	0000000000	0000										0	31.12.9999	1				0				000000000000000000	1040								0		0	00000000	
ROW178|700	003003700459	0001	E		000	00000000					000000	0000		0	35	0	0	TO	TO	000000000015000177	0	0					000000000000	0.0	X	0.0		X			1040	FRPR	1	1	0			FG01			1040	40	ZPFG	31.03.2026	31.03.2026		X				0.00		9003537648			1022		000000000000000000		0000000000	0000	0000000000	0000										0	31.12.9999	1				0				000000000000000000	1040								0		0	00000000	
ROW179|700	003003704947	0001	E		000	00000000					000000	0000		0	30	0	0	TO	TO	000000000015000177	0	0					000000000000	0.0	X	0.0		X			1040	FRPR	1	1	0			FG01			1040	40	ZPFG	01.04.2026	01.04.2026		X				0.00		9003546879			1022		000000000000000000		0000000000	0000	0000000000	0000										0	31.12.9999	1				0				000000000000000000	1040								0		0	00000000	
ROW180|700	003003707102	0001	E		000	00000000					000000	0000		0	35	0	0	TO	TO	000000000015000177	0	0					000000000000	0.0	X	0.0		X			1040	FRPR	1	1	0			FG01			1040	40	ZPFG	02.04.2026	02.04.2026		X				0.00		9003550861			1022		000000000000000000		0000000000	0000	0000000000	0000										0	31.12.9999	1				0				000000000000000000	1040								0		0	00000000	
ROW181|700	003003710391	0001	E		000	00000000					000000	0000		0	40	0	0	TO	TO	000000000015000177	0	0					000000000000	0.0	X	0.0		X			1040	FRPR	1	1	0			FG01			1040	40	ZPFG	02.04.2026	02.04.2026		X				0.00		9003556330			1022		000000000000000000		0000000000	0000	0000000000	0000										0	31.12.9999	1				0				000000000000000000	1040								0		0	00000000	
ROW182|700	003003716339	0001	E		000	00000000					000000	0000		0	35	0	0	TO	TO	000000000015000177	0	0					000000000000	0.0	X	0.0		X			1040	FRPR	1	1	0			FG01			1040	40	ZPFG	03.04.2026	03.04.2026		X				0.00		9003568346			1022		000000000000000000		0000000000	0000	0000000000	0000										0	31.12.9999	1				0				000000000000000000	1040								0		0	00000000	
ROW183|700	003003717685	0001	E		000	00000000					000000	0000		0	35	0	0	TO	TO	000000000015000177	0	0					000000000000	0.0	X	0.0		X			1040	FRPR	1	1	0			FG01			1040	40	ZPFG	04.04.2026	04.04.2026		X				0.00		9003571498			1022		000000000000000000		0000000000	0000	0000000000	0000										0	31.12.9999	1				0				000000000000000000	1040								0		0	00000000	
ROW184|700	003003718455	0001	E		000	00000000					000000	0000		0	35	0	0	TO	TO	000000000015000177	0	0					000000000000	0.0	X	0.0		X			1040	FRPR	1	1	0			FG01			1040	40	ZPFG	04.04.2026	04.04.2026		X				0.00		9003572912			1022		000000000000000000		0000000000	0000	0000000000	0000										0	31.12.9999	1				0				000000000000000000	1040								0		0	00000000	
ROW185|700	003003718456	0001	E		000	00000000					000000	0000		0	35	0	0	TO	TO	000000000015000177	0	0					000000000000	0.0	X	0.0		X			1040	FRPR	1	1	0			FG01			1040	40	ZPFG	04.04.2026	04.04.2026		X				0.00		9003572913			1022		000000000000000000		0000000000	0000	0000000000	0000										0	31.12.9999	1				0				000000000000000000	1040								0		0	00000000	
ROW186|700	003003718495	0001	E		000	00000000					000000	0000		0	35	0	0	TO	TO	000000000015000177	0	0					000000000000	0.0	X	0.0		X			1040	FRPR	1	1	0			FG01			1040	40	ZPFG	04.04.2026	04.04.2026		X				0.00		9003572974			1022		000000000000000000		0000000000	0000	0000000000	0000										0	31.12.9999	1				0				000000000000000000	1040								0		0	00000000	
ROW187|700	003003797402	0001	E		000	00000000					000000	0000		0	35	0	0	TO	TO	000000000015000177	0	0					000000000000	0.0	X	0.0		X			1079	FKDT	1	1	0			FG01			1079	40	ZPFG	19.04.2026	19.04.2026		X				0.00		9003738304			1029		000000000000000000		0000000000	0000	0000000000	0000										9.922	31.12.9999	1				0				000000000000000000	1079								0		0	00000000	
ROW188|700	003003797654	0001	E		000	00000000					000000	0000		0	35	0	0	TO	TO	000000000015000177	0	0					000000000000	0.0	X	0.0		X			1040	FRPR	1	1	0			FG01			1040	40	ZPFG	19.04.2026	19.04.2026		X				0.00		9003738877			1022		000000000000000000		0000000000	0000	0000000000	0000										0	31.12.9999	1				0				000000000000000000	1040								0		0	00000000	
ROW189|700	003003804711	0001	E		000	00000000					000000	0000		0	30	0	0	TO	TO	000000000015000177	0	0					000000000000	0.0	X	0.0		X			1040	FRPR	1	1	0			FG01			1040	40	ZPFG	21.04.2026	21.04.2026		X				0.00		9003755190			1022		000000000000000000		0000000000	0000	0000000000	0000										0	31.12.9999	1				0				000000000000000000	1040								0		0	00000000	
ROW190|700	003003872151	0001	E		000	00000000					000000	0000		0	25	0	0	TO	TO	000000000015000177	0	0					000000000000	0.0	X	0.0		X			1040	FRPR	1	1	0			FG01			1040	40	ZPFG	05.05.2026	05.05.2026		X				0.00		9003897687			1022		000000000000000000		0000000000	0000	0000000000	0000										0	31.12.9999	1				0				000000000000000000	1040								0		0	00000000	
ROW191|700	003003898002	0001	E		000	00000000					000000	0000		0	65	0	0	TO	TO	000000000015000177	0	0					000000000000	0.0	X	0.0		X			1041	FBGU	1	1	0			FG01			1041	40	ZPFG	10.05.2026	10.05.2026		X				0.00		9003951250			1010		000000000000000000		0000000000	0000	0000000000	0000										0	31.12.9999	1				0				000000000000000000	1041								0		0	00000000	
ROW192|700	003003898003	0001	E		000	00000000					000000	0000		0	33	0	0	TO	TO	000000000015000177	0	0					000000000000	0.0	X	0.0		X			1041	FBGU	1	1	0			FG01			1041	40	ZPFG	10.05.2026	10.05.2026		X				0.00		9003951252			1010		000000000000000000		0000000000	0000	0000000000	0000										0	31.12.9999	1				0				000000000000000000	1041								0		0	00000000	
ROW193|700	003003899441	0001	E		000	00000000					000000	0000		0	1	0	0	TO	TO	000000000015000177	0	0					000000000000	0.0	X	0.0		X			1041	FBGU	1	1	0			FG01			1041	40	ZPFG	11.05.2026	11.05.2026		X				0.00		9003954242			1010		000000000000000000		0000000000	0000	0000000000	0000										0	31.12.9999	1				0				000000000000000000	1041								0		0	00000000	
ROW194|700	003003899471	0001	E		000	00000000					000000	0000		0	1	0	0	TO	TO	000000000015000177	0	0					000000000000	0.0	X	0.0		X			1041	FBGU	1	1	0			FG01			1041	40	ZPFG	11.05.2026	11.05.2026		X				0.00		9003954389			1010		000000000000000000		0000000000	0000	0000000000	0000										0	31.12.9999	1				0				000000000000000000	1041								0		0	00000000	
ROW195|700	003003905756	0001	E		000	00000000					000000	0000		0	35	0	0	TO	TO	000000000015000177	0	0					000000000000	0.0	X	0.0		X			1040	FRPR	1	1	0			FG01			1040	40	ZPFG	12.05.2026	12.05.2026		X				0.00		9003968090			1022		000000000000000000		0000000000	0000	0000000000	0000										0	31.12.9999	1				0				000000000000000000	1040								0		0	00000000	
ROW196|700	003003906453	0001	E		000	00000000					000000	0000		0	40	0	0	TO	TO	000000000015000177	0	0					000000000000	0.0	X	0.0		X			1040	FRPR	1	1	0			FG01			1040	40	ZPFG	12.05.2026	12.05.2026		X				0.00		9003969743			1022		000000000000000000		0000000000	0000	0000000000	0000										0	31.12.9999	1				0				000000000000000000	1040								0		0	00000000	
ROW197|700	003003913922	0001	E		000	00000000					000000	0000		0	35	0	0	TO	TO	000000000015000177	0	0					000000000000	0.0	X	0.0		X			1040	FRPR	1	1	0			FG01			1040	40	ZPFG	13.05.2026	13.05.2026		X				0.00		9003985283			1022		000000000000000000		0000000000	0000	0000000000	0000										0	31.12.9999	1				0				000000000000000000	1040								0		0	00000000	
ROW198|700	003003913987	0001	E		000	00000000					000000	0000		0	70	0	0	TO	TO	000000000015000177	0	0					000000000000	0.0	X	0.0		X			1040	FRPR	1	1	0			FG01			1040	40	ZPFG	13.05.2026	13.05.2026		X				0.00		9003985430			1022		000000000000000000		0000000000	0000	0000000000	0000										0	31.12.9999	1				0				000000000000000000	1040								0		0	00000000	
ROW199|700	003004365836	0001	E		000	00000000					000000	0000		0	42	0	0	TO	TO	000000000015000177	0	0					000000000000	0.0	X	0.0		X			1000	FBWR	1	1	0			FG01			1000	40	ZPFG	18.09.2026	18.09.2026	1					0.00		9004953592			1008		000000000000000000		0000000000	0000	0000000000	0000										42	18.09.2026	1				0				000000000000000000	1000								0		0	00000000	
