SESSION|QS4/700 located at connection[0] session[0]|user=QNOVATE8
SELFIELD|ctxtI1-LOW=003004312529
SELFIELD|ctxtI1-HIGH=003004340000
SELFIELD|ctxtI3-LOW=000000000015000177
TABLE|AFPO
TITLE|Data Browser: Table AFPO Select Entries        200
SBAR|Selection restricted to 200 hits
ALV|rows=200|cols=100
HDR|MANDT	AUFNR	POSNR	PSOBS	QUNUM	QUPOS	PROJN	PLNUM	STRMP	ETRMP	KDAUF	KDPOS	KDEIN	BESKZ	PSAMG	PSMNG	WEMNG	IAMNG	AMEIN	MEINS	MATNR	PAMNG	PGMNG	KNTTP	TPAUF	LTRMI	LTRMP	KALNR	UEBTO	UEBTK	UNTTO	INSMK	WEPOS	BWTAR	BWTTY	PWERK	LGORT	UMREZ	UMREN	WEBAZ	ELIKZ	SAFNR	VERID	SERNR	TECHS	DWERK	DAUTY	DAUAT	DGLTP	DGLTS	DFREI	DNREL	VERTO	SOBKZ	KZVBR	WEWRT	WEUNB	ABLAD	WEMPF	CHARG	GSBER	WEAED	CUOBJ	KBNKZ	ARSNR	ARSPS	KRSNR	KRSPS	KCKEY	RTP01	RTP02	RTP03	RTP04	KSVON	KSBIS	OBJNP	NDISR	VFMNG	GSBTR	KZAVC	KZBWS	XLOEK	SERNP	ANZSN	OBJTYPE	CH_PROC	FXPRU	CUOBJ_ROOT	BERID	TECHS_COPY	SGT_SCAT	KUNNR2	FSH_SEASON_YEAR	FSH_SEASON	FSH_COLLECTION	FSH_THEME	FSH_SALLOC_QTY	MILL_OC_AUFNR_U	MILL_OC_RUMNG	MILL_OC_SORT	
ROW0|700	003004312531	0001	E		000	00000000					000000	0000		0	45	0	0	TO	TO	000000000015000177	0	0					000000000000	0.0	X	0.0		X			1010	FUPG	1	1	0			FG01			1010	40	ZPFG	29.07.2026	29.07.2026	1					0.00		9004836675			1009		000000000000000000		0000000000	0000	0000000000	0000										45	29.07.2026	1				0				000000000000000000	1010								0		0	00000000	
ROW1|700	003004312532	0001	E		000	00000000					000000	0000		0	45	42	0	TO	TO	000000000015000177	0	0			29.07.2026		000000000000	0.0	X	0.0		X			1010	FUPG	1	1	0			FG01			1010	40	ZPFG	29.07.2026	29.07.2026	1	X				155,198.82		9004836676			1009		000000000000000000		0000000000	0000	0000000000	0000										45	29.07.2026	1				0				000000000000000000	1010								0		0	00000000	
ROW2|700	003004312553	0001	E		000	00000000					000000	0000		0	42	45	0	TO	TO	000000000015000177	0	0			29.07.2026		000000000000	0.0	X	0.0		X			1003	FRNC	1	1	0	X		FG01			1003	40	ZPFG	29.07.2026	29.07.2026	1	X				138,670.65		9004836713			1008		000000000000000000		0000000000	0000	0000000000	0000										42	29.07.2026	1				0				000000000000000000	1003								0		0	00000000	
ROW3|700	003004312554	0001	E		000	00000000					000000	0000		0	45	45	0	TO	TO	000000000015000177	0	0			29.07.2026		000000000000	0.0	X	0.0		X			1003	FRNC	1	1	0	X		FG01			1003	40	ZPFG	29.07.2026	29.07.2026	1	X				138,670.65		9004836714			1008		000000000000000000		0000000000	0000	0000000000	0000										45	29.07.2026	1				0				000000000000000000	1003								0		0	00000000	
ROW4|700	003004312555	0001	E		000	00000000					000000	0000		0	42	42	0	TO	TO	000000000015000177	0	0			29.07.2026		000000000000	0.0	X	0.0		X			1003	FRNC	1	1	0	X		FG01			1003	40	ZPFG	29.07.2026	29.07.2026	1	X				129,425.94		9004836715			1008		000000000000000000		0000000000	0000	0000000000	0000										42	29.07.2026	1				0				000000000000000000	1003								0		0	00000000	
ROW5|700	003004312564	0001	E		000	00000000					000000	0000		0	41	41	0	TO	TO	000000000015000177	0	0			29.07.2026		000000000000	0.0	X	0.0		X			1304	FEGU	1	1	0	X		FG01			1304	40	ZPFG	29.07.2026	29.07.2026	1	X				174,903.13		9004836730			1309		000000000000000000		0000000000	0000	0000000000	0000										41	29.07.2026	1				0				000000000000000000	1304								0		0	00000000	
ROW6|700	003004312581	0001	E		000	00000000					000000	0000		0	45	45	0	TO	TO	000000000015000177	0	0			29.07.2026		000000000000	0.0	X	0.0		X			1006	FJGU	1	1	0	X		FG01			1006	40	ZPFG	29.07.2026	29.07.2026	1	X				164,635.20		9004836762			1008		000000000000000000		0000000000	0000	0000000000	0000										45	29.07.2026	1				0				000000000000000000	1006								0		0	00000000	
ROW7|700	003004312583	0001	E		000	00000000					000000	0000		0	40	0	0	TO	TO	000000000015000177	0	0					000000000000	0.0	X	0.0		X			1006	FJGU	1	1	0			FG01			1006	40	ZPFG	29.07.2026	29.07.2026	1					0.00		9004836764			1008		000000000000000000		0000000000	0000	0000000000	0000										40	29.07.2026	1				0				000000000000000000	1006								0		0	00000000	
ROW8|700	003004312617	0001	E		000	00000000					000000	0000		0	42	42	0	TO	TO	000000000015000177	0	0			30.07.2026		000000000000	0.0	X	0.0		X			1004	FNWL	1	1	0	X		FG01			1004	40	ZPFG	29.07.2026	29.07.2026	1	X				117,149.34		9004836806			1008		000000000000000000		0000000000	0000	0000000000	0000										42	29.07.2026	1				0				000000000000000000	1004								0		0	00000000	
ROW9|700	003004312620	0001	E		000	00000000					000000	0000		0	45	0	0	TO	TO	000000000015000177	0	0					000000000000	0.0	X	0.0		X			1004	FNWL	1	1	0			FG01			1004	40	ZPFG	29.07.2026	29.07.2026	1					0.00		9004836809			1008		000000000000000000		0000000000	0000	0000000000	0000										45	29.07.2026	1				0				000000000000000000	1004								0		0	00000000	
ROW10|700	003004312621	0001	E		000	00000000					000000	0000		0	45	0	0	TO	TO	000000000015000177	0	0					000000000000	0.0	X	0.0		X			1004	FNWL	1	1	0			FG01			1004	40	ZPFG	29.07.2026	29.07.2026	1					0.00		9004836810			1008		000000000000000000		0000000000	0000	0000000000	0000										45	29.07.2026	1				0				000000000000000000	1004								0		0	00000000	
ROW11|700	003004312627	0001	E		000	00000000					000000	0000		0	42	42	0	TO	TO	000000000015000177	0	0			29.07.2026		000000000000	0.0	X	0.0		X			1304	FEGU	1	1	0	X		FG01			1304	40	ZPFG	29.07.2026	29.07.2026	1	X				179,169.06		9004836820			1309		000000000000000000		0000000000	0000	0000000000	0000										42	29.07.2026	1				0				000000000000000000	1304								0		0	00000000	
ROW12|700	003004312632	0001	E		000	00000000					000000	0000		0	42	0	0	TO	TO	000000000015000177	0	0					000000000000	0.0	X	0.0		X			1004	FNWL	1	1	0			FG01			1004	40	ZPFG	29.07.2026	29.07.2026	1					0.00		9004836828			1008		000000000000000000		0000000000	0000	0000000000	0000										42	29.07.2026	1				0				000000000000000000	1004								0		0	00000000	
ROW13|700	003004312640	0001	E		000	00000000					000000	0000		0	20	0	0	TO	TO	000000000015000177	0	0					000000000000	0.0	X	0.0		X			1014	FJWN	1	1	0			FG01			1014	40	ZPFG	29.07.2026	29.07.2026	1					0.00		9004836836			1008		000000000000000000		0000000000	0000	0000000000	0000										20	29.07.2026	1				0				000000000000000000	1014								0		0	00000000	
ROW14|700	003004312641	0001	E		000	00000000					000000	0000		0	20	20	0	TO	TO	000000000015000177	0	0			29.07.2026		000000000000	0.0	X	0.0		X			1014	FJWN	1	1	0	X		FG01			1014	40	ZPFG	29.07.2026	29.07.2026	1	X				62,355.00		9004836837			1008		000000000000000000		0000000000	0000	0000000000	0000										20	29.07.2026	1				0				000000000000000000	1014								0		0	00000000	
ROW15|700	003004312642	0001	E		000	00000000					000000	0000		0	20	20	0	TO	TO	000000000015000177	0	0			29.07.2026		000000000000	0.0	X	0.0		X			1014	FJWN	1	1	0	X		FG01			1014	40	ZPFG	29.07.2026	29.07.2026	1	X				62,355.00		9004836838			1008		000000000000000000		0000000000	0000	0000000000	0000										20	29.07.2026	1				0				000000000000000000	1014								0		0	00000000	
ROW16|700	003004312643	0001	E		000	00000000					000000	0000		0	20	0	0	TO	TO	000000000015000177	0	0					000000000000	0.0	X	0.0		X			1014	FJWN	1	1	0			FG01			1014	40	ZPFG	29.07.2026	29.07.2026	1					0.00		9004836840			1008		000000000000000000		0000000000	0000	0000000000	0000										20	29.07.2026	1				0				000000000000000000	1014								0		0	00000000	
ROW17|700	003004312646	0001	E		000	00000000					000000	0000		0	42	42	0	TO	TO	000000000015000177	0	0			29.07.2026		000000000000	0.0	X	0.0		X			1014	FJWN	1	1	0	X		FG01			1014	40	ZPFG	29.07.2026	29.07.2026	1	X				130,945.50		9004836844			1008		000000000000000000		0000000000	0000	0000000000	0000										42	29.07.2026	1				0				000000000000000000	1014								0		0	00000000	
ROW18|700	003004312647	0001	E		000	00000000					000000	0000		0	30	0	0	TO	TO	000000000015000177	0	0					000000000000	0.0	X	0.0		X			1014	FJWN	1	1	0			FG01			1014	40	ZPFG	29.07.2026	29.07.2026	1					0.00		9004836845			1008		000000000000000000		0000000000	0000	0000000000	0000										30	29.07.2026	1				0				000000000000000000	1014								0		0	00000000	
ROW19|700	003004312648	0001	E		000	00000000					000000	0000		0	40	30	0	TO	TO	000000000015000177	0	0			29.07.2026		000000000000	0.0	X	0.0		X			1014	FJWN	1	1	0			FG01			1014	40	ZPFG	29.07.2026	29.07.2026	1	X				93,532.50		9004836846			1008		000000000000000000		0000000000	0000	0000000000	0000										40	29.07.2026	1				0				000000000000000000	1014								0		0	00000000	
ROW20|700	003004312649	0001	E		000	00000000					000000	0000		0	40	30	0	TO	TO	000000000015000177	0	0			29.07.2026		000000000000	0.0	X	0.0		X			1014	FJWN	1	1	0			FG01			1014	40	ZPFG	29.07.2026	29.07.2026	1	X				93,532.50		9004836847			1008		000000000000000000		0000000000	0000	0000000000	0000										40	29.07.2026	1				0				000000000000000000	1014								0		0	00000000	
ROW21|700	003004312650	0001	E		000	00000000					000000	0000		0	40	30	0	TO	TO	000000000015000177	0	0			29.07.2026		000000000000	0.0	X	0.0		X			1014	FJWN	1	1	0			FG01			1014	40	ZPFG	29.07.2026	29.07.2026	1	X				93,532.50		9004836848			1008		000000000000000000		0000000000	0000	0000000000	0000										40	29.07.2026	1				0				000000000000000000	1014								0		0	00000000	
ROW22|700	003004312658	0001	E		000	00000000					000000	0000		0	38	38	0	TO	TO	000000000015000177	0	0			29.07.2026		000000000000	0.0	X	0.0		X			1014	FJWN	1	1	0	X		FG01			1014	40	ZPFG	29.07.2026	29.07.2026	1	X				118,474.50		9004836856			1008		000000000000000000		0000000000	0000	0000000000	0000										38	29.07.2026	1				0				000000000000000000	1014								0		0	00000000	
ROW23|700	003004312699	0001	E		000	00000000					000000	0000		0	5	0	0	TO	TO	000000000015000177	0	0					000000000000	0.0	X	0.0		X			1004	FNWL	1	1	0			FG01			1004	40	ZPFG	29.07.2026	29.07.2026	1					0.00		9004836920			1008		000000000000000000		0000000000	0000	0000000000	0000										5	29.07.2026	1				0				000000000000000000	1004								0		0	00000000	
ROW24|700	003004312751	0001	E		000	00000000					000000	0000		0	35	35	0	TO	TO	000000000015000177	0	0			29.07.2026		000000000000	0.0	X	0.0		X			1304	FEGU	1	1	0	X		FG01			1304	40	ZPFG	29.07.2026	29.07.2026	1	X				149,307.55		9004836987			1309		000000000000000000		0000000000	0000	0000000000	0000										35	29.07.2026	1				0				000000000000000000	1304								0		0	00000000	
ROW25|700	003004312766	0001	E		000	00000000					000000	0000		0	22	0	0	TO	TO	000000000015000177	0	0					000000000000	0.0	X	0.0		X			1007	FRGU	1	1	0			FG01			1007	40	ZPFG	29.07.2026	29.07.2026	1					0.00		9004837006			1005		000000000000000000		0000000000	0000	0000000000	0000										22	29.07.2026	1				0				000000000000000000	1007								0		0	00000000	
ROW26|700	003004312767	0001	E		000	00000000					000000	0000		0	18	0	0	TO	TO	000000000015000177	0	0					000000000000	0.0	X	0.0		X			1007	FRGU	1	1	0			FG01			1007	40	ZPFG	29.07.2026	29.07.2026	1					0.00		9004837007			1005		000000000000000000		0000000000	0000	0000000000	0000										18	29.07.2026	1				0				000000000000000000	1007								0		0	00000000	
ROW27|700	003004312816	0001	E		000	00000000					000000	0000		0	40	45	0	TO	TO	000000000015000177	0	0			29.07.2026		000000000000	0.0	X	0.0		X			1004	FNWL	1	1	0	X		FG01			1004	40	ZPFG	29.07.2026	29.07.2026	1	X				125,517.15		9004837082			1008		000000000000000000		0000000000	0000	0000000000	0000										40	29.07.2026	1				0				000000000000000000	1004								0		0	00000000	
ROW28|700	003004312833	0001	E		000	00000000					000000	0000		0	38	38	0	TO	TO	000000000015000177	0	0			29.07.2026		000000000000	0.0	X	0.0		X			1014	FJWN	1	1	0	X		FG01			1014	40	ZPFG	29.07.2026	29.07.2026	1	X				118,474.50		9004837110			1008		000000000000000000		0000000000	0000	0000000000	0000										38	29.07.2026	1				0				000000000000000000	1014								0		0	00000000	
ROW29|700	003004312834	0001	E		000	00000000					000000	0000		0	38	38	0	TO	TO	000000000015000177	0	0			29.07.2026		000000000000	0.0	X	0.0		X			1014	FJWN	1	1	0	X		FG01			1014	40	ZPFG	29.07.2026	29.07.2026	1	X				118,474.50		9004837111			1008		000000000000000000		0000000000	0000	0000000000	0000										38	29.07.2026	1				0				000000000000000000	1014								0		0	00000000	
ROW30|700	003004312835	0001	E		000	00000000					000000	0000		0	38	38	0	TO	TO	000000000015000177	0	0			29.07.2026		000000000000	0.0	X	0.0		X			1014	FJWN	1	1	0	X		FG01			1014	40	ZPFG	29.07.2026	29.07.2026	1	X				118,474.50		9004837112			1008		000000000000000000		0000000000	0000	0000000000	0000										38	29.07.2026	1				0				000000000000000000	1014								0		0	00000000	
ROW31|700	003004312836	0001	E		000	00000000					000000	0000		0	38	38	0	TO	TO	000000000015000177	0	0			29.07.2026		000000000000	0.0	X	0.0		X			1014	FJWN	1	1	0	X		FG01			1014	40	ZPFG	29.07.2026	29.07.2026	1	X				118,474.50		9004837114			1008		000000000000000000		0000000000	0000	0000000000	0000										38	29.07.2026	1				0				000000000000000000	1014								0		0	00000000	
ROW32|700	003004312837	0001	E		000	00000000					000000	0000		0	38	38	0	TO	TO	000000000015000177	0	0			29.07.2026		000000000000	0.0	X	0.0		X			1014	FJWN	1	1	0	X		FG01			1014	40	ZPFG	29.07.2026	29.07.2026	1	X				118,474.50		9004837115			1008		000000000000000000		0000000000	0000	0000000000	0000										38	29.07.2026	1				0				000000000000000000	1014								0		0	00000000	
ROW33|700	003004312844	0001	E		000	00000000					000000	0000		0	45	45	0	TO	TO	000000000015000177	0	0			29.07.2026		000000000000	0.0	X	0.0		X			1003	FRNC	1	1	0	X		FG01			1003	40	ZPFG	29.07.2026	29.07.2026	1	X				138,670.65		9004837125			1008		000000000000000000		0000000000	0000	0000000000	0000										45	29.07.2026	1				0				000000000000000000	1003								0		0	00000000	
ROW34|700	003004312845	0001	E		000	00000000					000000	0000		0	45	40	0	TO	TO	000000000015000177	0	0			30.07.2026		000000000000	0.0	X	0.0		X			1010	FUPG	1	1	0			FG01			1010	40	ZPFG	29.07.2026	29.07.2026	1	X				147,808.40		9004837153			1009		000000000000000000		0000000000	0000	0000000000	0000										45	29.07.2026	1				0				000000000000000000	1010								0		0	00000000	
ROW35|700	003004312849	0001	E		000	00000000					000000	0000		0	40	40	0	TO	TO	000000000015000177	0	0			30.07.2026		000000000000	0.0	X	0.0		X			1010	FUPG	1	1	0	X		FG01			1010	40	ZPFG	29.07.2026	29.07.2026	1	X				147,808.40		9004837157			1009		000000000000000000		0000000000	0000	0000000000	0000										40	29.07.2026	1				0				000000000000000000	1010								0		0	00000000	
ROW36|700	003004312855	0001	E		000	00000000					000000	0000		0	40	40	0	TO	TO	000000000015000177	0	0			30.07.2026		000000000000	0.0	X	0.0		X			1010	FUPG	1	1	0	X		FG01			1010	40	ZPFG	29.07.2026	29.07.2026	1	X				147,808.40		9004837170			1009		000000000000000000		0000000000	0000	0000000000	0000										40	29.07.2026	1				0				000000000000000000	1010								0		0	00000000	
ROW37|700	003004312860	0001	E		000	00000000					000000	0000		0	40	0	0	TO	TO	000000000015000177	0	0					000000000000	0.0	X	0.0		X			1010	FUPG	1	1	0			FG01			1010	40	ZPFG	29.07.2026	29.07.2026	1					0.00		9004837179			1009		000000000000000000		0000000000	0000	0000000000	0000										40	29.07.2026	1				0				000000000000000000	1010								0		0	00000000	
ROW38|700	003004312862	0001	E		000	00000000					000000	0000		0	40	0	0	TO	TO	000000000015000177	0	0					000000000000	0.0	X	0.0		X			1010	FUPG	1	1	0			FG01			1010	40	ZPFG	29.07.2026	29.07.2026	1					0.00		9004837181			1009		000000000000000000		0000000000	0000	0000000000	0000										40	29.07.2026	1				0				000000000000000000	1010								0		0	00000000	
ROW39|700	003004312870	0001	E		000	00000000					000000	0000		0	40	40	0	TO	TO	000000000015000177	0	0			29.07.2026		000000000000	0.0	X	0.0		X			1304	FEGU	1	1	0	X		FG01			1304	40	ZPFG	29.07.2026	29.07.2026	1	X				170,637.20		9004837192			1309		000000000000000000		0000000000	0000	0000000000	0000										40	29.07.2026	1				0				000000000000000000	1304								0		0	00000000	
ROW40|700	003004312871	0001	E		000	00000000					000000	0000		0	42	42	0	TO	TO	000000000015000177	0	0			29.07.2026		000000000000	0.0	X	0.0		X			1003	FRNC	1	1	0	X		FG01			1003	40	ZPFG	29.07.2026	29.07.2026	1	X				129,425.94		9004837193			1008		000000000000000000		0000000000	0000	0000000000	0000										42	29.07.2026	1				0				000000000000000000	1003								0		0	00000000	
ROW41|700	003004312872	0001	E		000	00000000					000000	0000		0	35	30	0	TO	TO	000000000015000177	0	0			29.07.2026		000000000000	0.0	X	0.0		X			1304	FEGU	1	1	0			FG01			1304	40	ZPFG	29.07.2026	29.07.2026	1	X				127,977.90		9004837194			1309		000000000000000000		0000000000	0000	0000000000	0000										35	29.07.2026	1				0				000000000000000000	1304								0		0	00000000	
ROW42|700	003004312873	0001	E		000	00000000					000000	0000		0	42	42	0	TO	TO	000000000015000177	0	0			29.07.2026		000000000000	0.0	X	0.0		X			1003	FRNC	1	1	0	X		FG01			1003	40	ZPFG	29.07.2026	29.07.2026	1	X				129,425.94		9004837195			1008		000000000000000000		0000000000	0000	0000000000	0000										42	29.07.2026	1				0				000000000000000000	1003								0		0	00000000	
ROW43|700	003004312874	0001	E		000	00000000					000000	0000		0	40	0	0	TO	TO	000000000015000177	0	0					000000000000	0.0	X	0.0		X			1010	FUPG	1	1	0			FG01			1010	40	ZPFG	29.07.2026	29.07.2026	1					0.00		9004837197			1009		000000000000000000		0000000000	0000	0000000000	0000										40	29.07.2026	1				0				000000000000000000	1010								0		0	00000000	
ROW44|700	003004312880	0001	E		000	00000000					000000	0000		0	40	40	0	TO	TO	000000000015000177	0	0			29.07.2026		000000000000	0.0	X	0.0		X			1304	FEGU	1	1	0	X		FG01			1304	40	ZPFG	29.07.2026	29.07.2026	1	X				170,637.20		9004837203			1309		000000000000000000		0000000000	0000	0000000000	0000										40	29.07.2026	1				0				000000000000000000	1304								0		0	00000000	
ROW45|700	003004312883	0001	E		000	00000000					000000	0000		0	42	0	0	TO	TO	000000000015000177	0	0					000000000000	0.0	X	0.0		X			1010	FUPG	1	1	0			FG01			1010	40	ZPFG	29.07.2026	29.07.2026	1					0.00		9004837206			1009		000000000000000000		0000000000	0000	0000000000	0000										42	29.07.2026	1				0				000000000000000000	1010								0		0	00000000	
ROW46|700	003004312885	0001	E		000	00000000					000000	0000		0	45	45	0	TO	TO	000000000015000177	0	0			30.07.2026		000000000000	0.0	X	0.0		X			1010	FUPG	1	1	0	X		FG01			1010	40	ZPFG	29.07.2026	29.07.2026	1	X				166,284.45		9004837208			1009		000000000000000000		0000000000	0000	0000000000	0000										45	29.07.2026	1				0				000000000000000000	1010								0		0	00000000	
ROW47|700	003004312893	0001	E		000	00000000					000000	0000		0	40	0	0	TO	TO	000000000015000177	0	0					000000000000	0.0	X	0.0		X			1006	FJGU	1	1	0			FG01			1006	40	ZPFG	29.07.2026	29.07.2026	1					0.00		9004837220			1008		000000000000000000		0000000000	0000	0000000000	0000										40	29.07.2026	1				0				000000000000000000	1006								0		0	00000000	
ROW48|700	003004312913	0001	E		000	00000000					000000	0000		0	45	44	0	TO	TO	000000000015000177	0	0			29.07.2026		000000000000	0.0	X	0.0		X			1003	FRNC	1	1	0			FG01			1003	40	ZPFG	29.07.2026	29.07.2026	1	X				135,589.08		9004837243			1008		000000000000000000		0000000000	0000	0000000000	0000										45	29.07.2026	1				0				000000000000000000	1003								0		0	00000000	
ROW49|700	003004312928	0001	E		000	00000000					000000	0000		0	42	42	0	TO	TO	000000000015000177	0	0			29.07.2026		000000000000	0.0	X	0.0		X			1003	FRNC	1	1	0	X		FG01			1003	40	ZPFG	29.07.2026	29.07.2026	1	X				129,425.94		9004837267			1008		000000000000000000		0000000000	0000	0000000000	0000										42	29.07.2026	1				0				000000000000000000	1003								0		0	00000000	
ROW50|700	003004312934	0001	E		000	00000000					000000	0000		0	45	45	0	TO	TO	000000000015000177	0	0			30.07.2026		000000000000	0.0	X	0.0		X			1004	FNWL	1	1	0	X		FG01			1004	40	ZPFG	29.07.2026	29.07.2026	1	X				125,517.15		9004837276			1008		000000000000000000		0000000000	0000	0000000000	0000										45	29.07.2026	1				0				000000000000000000	1004								0		0	00000000	
ROW51|700	003004312944	0001	E		000	00000000					000000	0000		0	45	44	0	TO	TO	000000000015000177	0	0			29.07.2026		000000000000	0.0	X	0.0		X			1003	FRNC	1	1	0			FG01			1003	40	ZPFG	29.07.2026	29.07.2026	1	X				135,589.08		9004837291			1008		000000000000000000		0000000000	0000	0000000000	0000										45	29.07.2026	1				0				000000000000000000	1003								0		0	00000000	
ROW52|700	003004312977	0001	E		000	00000000					000000	0000		0	0.100	43	0	TO	TO	000000000015000177	0	0			29.07.2026		000000000000	0.0	X	0.0		X			1003	FRNC	1	1	0	X		FG01			1003	40	ZPFG	29.07.2026	29.07.2026	1	X				132,507.51		9004837339			1008		000000000000000000		0000000000	0000	0000000000	0000										0.100	29.07.2026	1				0				000000000000000000	1003								0		0	00000000	
ROW53|700	003004312978	0001	E		000	00000000					000000	0000		0	0.100	44	0	TO	TO	000000000015000177	0	0			29.07.2026		000000000000	0.0	X	0.0		X			1003	FRNC	1	1	0	X		FG01			1003	40	ZPFG	29.07.2026	29.07.2026	1	X				135,589.08		9004837340			1008		000000000000000000		0000000000	0000	0000000000	0000										0.100	29.07.2026	1				0				000000000000000000	1003								0		0	00000000	
ROW54|700	003004312986	0001	E		000	00000000					000000	0000		0	40	0	0	TO	TO	000000000015000177	0	0					000000000000	0.0	X	0.0		X			1004	FNWL	1	1	0			FG01			1004	40	ZPFG	29.07.2026	29.07.2026	1					0.00		9004837352			1008		000000000000000000		0000000000	0000	0000000000	0000										40	29.07.2026	1				0				000000000000000000	1004								0		0	00000000	
ROW55|700	003004312992	0001	E		000	00000000					000000	0000		0	45	45	0	TO	TO	000000000015000177	0	0			29.07.2026		000000000000	0.0	X	0.0		X			1003	FRNC	1	1	0	X		FG01			1003	40	ZPFG	29.07.2026	29.07.2026	1	X				138,670.65		9004837366			1008		000000000000000000		0000000000	0000	0000000000	0000										45	29.07.2026	1				0				000000000000000000	1003								0		0	00000000	
ROW56|700	003004313001	0001	E		000	00000000					000000	0000		0	45	0	0	TO	TO	000000000015000177	0	0					000000000000	0.0	X	0.0		X			1004	FNWL	1	1	0			FG01			1004	40	ZPFG	29.07.2026	29.07.2026	1					0.00		9004837381			1008		000000000000000000		0000000000	0000	0000000000	0000										45	29.07.2026	1				0				000000000000000000	1004								0		0	00000000	
ROW57|700	003004313003	0001	E		000	00000000					000000	0000		0	35	34.500	0	TO	TO	000000000015000177	0	0			29.07.2026		000000000000	0.0	X	0.0		X			1000	FBWR	1	1	0			FG01			1000	40	ZPFG	29.07.2026	29.07.2026	1	X				114,389.93		9004837391			1008		000000000000000000		0000000000	0000	0000000000	0000										35	29.07.2026	1				0				000000000000000000	1000								0		0	00000000	
ROW58|700	003004313021	0001	E		000	00000000					000000	0000		0	50	50	0	TO	TO	000000000015000177	0	0			30.07.2026		000000000000	0.0	X	0.0		X			1010	FUPG	1	1	0	X		FG01			1010	40	ZPFG	29.07.2026	29.07.2026	1	X				184,760.50		9004837450			1009		000000000000000000		0000000000	0000	0000000000	0000										50	29.07.2026	1				0				000000000000000000	1010								0		0	00000000	
ROW59|700	003004313029	0001	E		000	00000000					000000	0000		0	42	45	0	TO	TO	000000000015000177	0	0			30.07.2026		000000000000	0.0	X	0.0		X			1014	FJWN	1	1	0	X		FG01			1014	40	ZPFG	29.07.2026	29.07.2026	1	X				140,298.75		9004837464			1008		000000000000000000		0000000000	0000	0000000000	0000										42	29.07.2026	1				0				000000000000000000	1014								0		0	00000000	
ROW60|700	003004313093	0001	E		000	00000000					000000	0000		0	10	10	0	TO	TO	000000000015000177	0	0			30.07.2026		000000000000	0.0	X	0.0		X			1007	FRGU	1	1	0	X		FG01			1007	40	ZPFG	29.07.2026	29.07.2026	1	X				44,735.70		9004837566			1005		000000000000000000		0000000000	0000	0000000000	0000										10	29.07.2026	1				0				000000000000000000	1007								0		0	00000000	
ROW61|700	003004313094	0001	E		000	00000000					000000	0000		0	8	8	0	TO	TO	000000000015000177	0	0			30.07.2026		000000000000	0.0	X	0.0		X			1007	FRGU	1	1	0	X		FG01			1007	40	ZPFG	29.07.2026	29.07.2026	1	X				35,788.56		9004837568			1005		000000000000000000		0000000000	0000	0000000000	0000										8	29.07.2026	1				0				000000000000000000	1007								0		0	00000000	
ROW62|700	003004313099	0001	E		000	00000000					000000	0000		0	50	50	0	TO	TO	000000000015000177	0	0			29.07.2026		000000000000	0.0	X	0.0		X			1004	FNWL	1	1	0	X		FG01			1004	40	ZPFG	29.07.2026	29.07.2026	1	X				139,463.50		9004837583			1008		000000000000000000		0000000000	0000	0000000000	0000										50	29.07.2026	1				0				000000000000000000	1004								0		0	00000000	
ROW63|700	003004313117	0001	E		000	00000000					000000	0000		0	45	41	0	TO	TO	000000000015000177	0	0			29.07.2026		000000000000	0.0	X	0.0		X			1003	FRNC	1	1	0			FG01			1003	40	ZPFG	29.07.2026	29.07.2026	1	X				126,344.37		9004837618			1008		000000000000000000		0000000000	0000	0000000000	0000										45	29.07.2026	1				0				000000000000000000	1003								0		0	00000000	
ROW64|700	003004313118	0001	E		000	00000000					000000	0000		0	45	41	0	TO	TO	000000000015000177	0	0			29.07.2026		000000000000	0.0	X	0.0		X			1003	FRNC	1	1	0			FG01			1003	40	ZPFG	29.07.2026	29.07.2026	1	X				126,344.37		9004837620			1008		000000000000000000		0000000000	0000	0000000000	0000										45	29.07.2026	1				0				000000000000000000	1003								0		0	00000000	
ROW65|700	003004313174	0001	E		000	00000000					000000	0000		0	45	41	0	TO	TO	000000000015000177	0	0			29.07.2026		000000000000	0.0	X	0.0		X			1004	FNWL	1	1	0			FG01			1004	40	ZPFG	29.07.2026	29.07.2026	1	X				114,360.07		9004837757			1008		000000000000000000		0000000000	0000	0000000000	0000										45	29.07.2026	1				0				000000000000000000	1004								0		0	00000000	
ROW66|700	003004313179	0001	E		000	00000000					000000	0000		0	50	50	0	TO	TO	000000000015000177	0	0			29.07.2026		000000000000	0.0	X	0.0		X			1004	FNWL	1	1	0	X		FG01			1004	40	ZPFG	29.07.2026	29.07.2026	1	X				139,463.50		9004837770			1008		000000000000000000		0000000000	0000	0000000000	0000										50	29.07.2026	1				0				000000000000000000	1004								0		0	00000000	
ROW67|700	003004313182	0001	E		000	00000000					000000	0000		0	45	45	0	TO	TO	000000000015000177	0	0			29.07.2026		000000000000	0.0	X	0.0		X			1004	FNWL	1	1	0	X		FG01			1004	40	ZPFG	29.07.2026	29.07.2026	1	X				125,517.15		9004837774			1008		000000000000000000		0000000000	0000	0000000000	0000										45	29.07.2026	1				0				000000000000000000	1004								0		0	00000000	
ROW68|700	003004313200	0001	E		000	00000000					000000	0000		0	45	45	0	TO	TO	000000000015000177	0	0			29.07.2026		000000000000	0.0	X	0.0		X			1004	FNWL	1	1	0	X		FG01			1004	40	ZPFG	29.07.2026	29.07.2026	1	X				125,517.15		9004837804			1008		000000000000000000		0000000000	0000	0000000000	0000										45	29.07.2026	1				0				000000000000000000	1004								0		0	00000000	
ROW69|700	003004313223	0001	E		000	00000000					000000	0000		0	30	30	0	TO	TO	000000000015000177	0	0			29.07.2026		000000000000	0.0	X	0.0		X			1010	FUPG	1	1	0	X		FG01			1010	40	ZPFG	29.07.2026	29.07.2026	1	X				110,856.30		9004837841			1009		000000000000000000		0000000000	0000	0000000000	0000										30	29.07.2026	1				0				000000000000000000	1010								0		0	00000000	
ROW70|700	003004313249	0001	E		000	00000000					000000	0000		0	5	5	0	TO	TO	000000000015000177	0	0			29.07.2026		000000000000	0.0	X	0.0		X			1304	FEGU	1	1	0	X		FG01			1304	40	ZPFG	29.07.2026	29.07.2026	1	X				21,329.65		9004837884			1309		000000000000000000		0000000000	0000	0000000000	0000										5	29.07.2026	1				0				000000000000000000	1304								0		0	00000000	
ROW71|700	003004313253	0001	E		000	00000000					000000	0000		0	40	40	0	TO	TO	000000000015000177	0	0			29.07.2026		000000000000	0.0	X	0.0		X			1006	FJGU	1	1	0	X		FG01			1006	40	ZPFG	29.07.2026	29.07.2026	1	X				146,342.40		9004837893			1008		000000000000000000		0000000000	0000	0000000000	0000										40	29.07.2026	1				0				000000000000000000	1006								0		0	00000000	
ROW72|700	003004313286	0001	E		000	00000000					000000	0000		0	42	42	0	TO	TO	000000000015000177	0	0			29.07.2026		000000000000	0.0	X	0.0		X			1003	FRNC	1	1	0	X		FG01			1003	40	ZPFG	29.07.2026	29.07.2026	1	X				129,425.94		9004837972			1008		000000000000000000		0000000000	0000	0000000000	0000										42	29.07.2026	1				0				000000000000000000	1003								0		0	00000000	
ROW73|700	003004313287	0001	E		000	00000000					000000	0000		0	42	42	0	TO	TO	000000000015000177	0	0			29.07.2026		000000000000	0.0	X	0.0		X			1003	FRNC	1	1	0	X		FG01			1003	40	ZPFG	29.07.2026	29.07.2026	1	X				129,425.94		9004837973			1008		000000000000000000		0000000000	0000	0000000000	0000										42	29.07.2026	1				0				000000000000000000	1003								0		0	00000000	
ROW74|700	003004313289	0001	E		000	00000000					000000	0000		0	42	45	0	TO	TO	000000000015000177	0	0			29.07.2026		000000000000	0.0	X	0.0		X			1003	FRNC	1	1	0	X		FG01			1003	40	ZPFG	29.07.2026	29.07.2026	1	X				138,670.65		9004837975			1008		000000000000000000		0000000000	0000	0000000000	0000										42	29.07.2026	1				0				000000000000000000	1003								0		0	00000000	
ROW75|700	003004313290	0001	E		000	00000000					000000	0000		0	42	45	0	TO	TO	000000000015000177	0	0			29.07.2026		000000000000	0.0	X	0.0		X			1003	FRNC	1	1	0	X		FG01			1003	40	ZPFG	29.07.2026	29.07.2026	1	X				138,670.65		9004837976			1008		000000000000000000		0000000000	0000	0000000000	0000										42	29.07.2026	1				0				000000000000000000	1003								0		0	00000000	
ROW76|700	003004313293	0001	E		000	00000000					000000	0000		0	42	42	0	TO	TO	000000000015000177	0	0			29.07.2026		000000000000	0.0	X	0.0		X			1000	FBWR	1	1	0	X		FG01			1000	40	ZPFG	29.07.2026	29.07.2026	1	X				139,257.30		9004837986			1008		000000000000000000		0000000000	0000	0000000000	0000										42	29.07.2026	1				0				000000000000000000	1000								0		0	00000000	
ROW77|700	003004313338	0001	E		000	00000000					000000	0000		0	45	0	0	TO	TO	000000000015000177	0	0					000000000000	0.0	X	0.0		X			1014	FJWN	1	1	0			FG01			1014	40	ZPFG	29.07.2026	29.07.2026	1					0.00		9004838067			1008		000000000000000000		0000000000	0000	0000000000	0000										45	29.07.2026	1				0				000000000000000000	1014								0		0	00000000	
ROW78|700	003004313339	0001	E		000	00000000					000000	0000		0	45	0	0	TO	TO	000000000015000177	0	0					000000000000	0.0	X	0.0		X			1014	FJWN	1	1	0			FG01			1014	40	ZPFG	29.07.2026	29.07.2026	1					0.00		9004838068			1008		000000000000000000		0000000000	0000	0000000000	0000										45	29.07.2026	1				0				000000000000000000	1014								0		0	00000000	
ROW79|700	003004313348	0001	E		000	00000000					000000	0000		0	45	45	0	TO	TO	000000000015000177	0	0			29.07.2026		000000000000	0.0	X	0.0		X			1014	FJWN	1	1	0	X		FG01			1014	40	ZPFG	29.07.2026	29.07.2026	1	X				140,298.75		9004838080			1008		000000000000000000		0000000000	0000	0000000000	0000										45	29.07.2026	1				0				000000000000000000	1014								0		0	00000000	
ROW80|700	003004313351	0001	E		000	00000000					000000	0000		0	38	35	0	TO	TO	000000000015000177	0	0			29.07.2026		000000000000	0.0	X	0.0		X			1014	FJWN	1	1	0			FG01			1014	40	ZPFG	29.07.2026	29.07.2026	1	X				109,121.25		9004838083			1008		000000000000000000		0000000000	0000	0000000000	0000										38	29.07.2026	1				0				000000000000000000	1014								0		0	00000000	
ROW81|700	003004313356	0001	E		000	00000000					000000	0000		0	42	0	0	TO	TO	000000000015000177	0	0					000000000000	0.0	X	0.0		X			1004	FNWL	1	1	0			FG01			1004	40	ZPFG	29.07.2026	29.07.2026	1					0.00		9004838090			1008		000000000000000000		0000000000	0000	0000000000	0000										42	29.07.2026	1				0				000000000000000000	1004								0		0	00000000	
ROW82|700	003004313382	0001	E		000	00000000					000000	0000		0	42	42	0	TO	TO	000000000015000177	0	0			29.07.2026		000000000000	0.0	X	0.0		X			1003	FRNC	1	1	0	X		FG01			1003	40	ZPFG	29.07.2026	29.07.2026	1	X				129,425.94		9004838138			1008		000000000000000000		0000000000	0000	0000000000	0000										42	29.07.2026	1				0				000000000000000000	1003								0		0	00000000	
ROW83|700	003004313383	0001	E		000	00000000					000000	0000		0	42	42	0	TO	TO	000000000015000177	0	0			29.07.2026		000000000000	0.0	X	0.0		X			1003	FRNC	1	1	0	X		FG01			1003	40	ZPFG	29.07.2026	29.07.2026	1	X				129,425.94		9004838140			1008		000000000000000000		0000000000	0000	0000000000	0000										42	29.07.2026	1				0				000000000000000000	1003								0		0	00000000	
ROW84|700	003004313384	0001	E		000	00000000					000000	0000		0	42	0	0	TO	TO	000000000015000177	0	0					000000000000	0.0	X	0.0		X			1003	FRNC	1	1	0			FG01			1003	40	ZPFG	29.07.2026	29.07.2026	1					0.00		9004838141			1008		000000000000000000		0000000000	0000	0000000000	0000										42	29.07.2026	1				0				000000000000000000	1003								0		0	00000000	
ROW85|700	003004313385	0001	E		000	00000000					000000	0000		0	43	43	0	TO	TO	000000000015000177	0	0			29.07.2026		000000000000	0.0	X	0.0		X			1003	FRNC	1	1	0	X		FG01			1003	40	ZPFG	29.07.2026	29.07.2026	1	X				132,507.51		9004838142			1008		000000000000000000		0000000000	0000	0000000000	0000										43	29.07.2026	1				0				000000000000000000	1003								0		0	00000000	
ROW86|700	003004313386	0001	E		000	00000000					000000	0000		0	43	43	0	TO	TO	000000000015000177	0	0			29.07.2026		000000000000	0.0	X	0.0		X			1003	FRNC	1	1	0	X		FG01			1003	40	ZPFG	29.07.2026	29.07.2026	1	X				132,507.51		9004838143			1008		000000000000000000		0000000000	0000	0000000000	0000										43	29.07.2026	1				0				000000000000000000	1003								0		0	00000000	
ROW87|700	003004313387	0001	E		000	00000000					000000	0000		0	45	45	0	TO	TO	000000000015000177	0	0			29.07.2026		000000000000	0.0	X	0.0		X			1003	FRNC	1	1	0	X		FG01			1003	40	ZPFG	29.07.2026	29.07.2026	1	X				138,670.65		9004838145			1008		000000000000000000		0000000000	0000	0000000000	0000										45	29.07.2026	1				0				000000000000000000	1003								0		0	00000000	
ROW88|700	003004313388	0001	E		000	00000000					000000	0000		0	45	45	0	TO	TO	000000000015000177	0	0			29.07.2026		000000000000	0.0	X	0.0		X			1003	FRNC	1	1	0	X		FG01			1003	40	ZPFG	29.07.2026	29.07.2026	1	X				138,670.65		9004838146			1008		000000000000000000		0000000000	0000	0000000000	0000										45	29.07.2026	1				0				000000000000000000	1003								0		0	00000000	
ROW89|700	003004313389	0001	E		000	00000000					000000	0000		0	45	43	0	TO	TO	000000000015000177	0	0			29.07.2026		000000000000	0.0	X	0.0		X			1003	FRNC	1	1	0			FG01			1003	40	ZPFG	29.07.2026	29.07.2026	1	X				132,507.51		9004838147			1008		000000000000000000		0000000000	0000	0000000000	0000										45	29.07.2026	1				0				000000000000000000	1003								0		0	00000000	
ROW90|700	003004313390	0001	E		000	00000000					000000	0000		0	45	45	0	TO	TO	000000000015000177	0	0			29.07.2026		000000000000	0.0	X	0.0		X			1014	FJWN	1	1	0	X		FG01			1014	40	ZPFG	29.07.2026	29.07.2026	1	X				140,298.75		9004838154			1008		000000000000000000		0000000000	0000	0000000000	0000										45	29.07.2026	1				0				000000000000000000	1014								0		0	00000000	
ROW91|700	003004313391	0001	E		000	00000000					000000	0000		0	45	42	0	TO	TO	000000000015000177	0	0			29.07.2026		000000000000	0.0	X	0.0		X			1014	FJWN	1	1	0			FG01			1014	40	ZPFG	29.07.2026	29.07.2026	1	X				130,945.50		9004838156			1008		000000000000000000		0000000000	0000	0000000000	0000										45	29.07.2026	1				0				000000000000000000	1014								0		0	00000000	
ROW92|700	003004313398	0001	E		000	00000000					000000	0000		0	45	45	0	TO	TO	000000000015000177	0	0			29.07.2026		000000000000	0.0	X	0.0		X			1014	FJWN	1	1	0	X		FG01			1014	40	ZPFG	29.07.2026	29.07.2026	1	X				140,298.75		9004838171			1008		000000000000000000		0000000000	0000	0000000000	0000										45	29.07.2026	1				0				000000000000000000	1014								0		0	00000000	
ROW93|700	003004313399	0001	E		000	00000000					000000	0000		0	45	45	0	TO	TO	000000000015000177	0	0			29.07.2026		000000000000	0.0	X	0.0		X			1014	FJWN	1	1	0	X		FG01			1014	40	ZPFG	29.07.2026	29.07.2026	1	X				140,298.75		9004838172			1008		000000000000000000		0000000000	0000	0000000000	0000										45	29.07.2026	1				0				000000000000000000	1014								0		0	00000000	
ROW94|700	003004313400	0001	E		000	00000000					000000	0000		0	45	45	0	TO	TO	000000000015000177	0	0			30.07.2026		000000000000	0.0	X	0.0		X			1014	FJWN	1	1	0	X		FG01			1014	40	ZPFG	29.07.2026	29.07.2026	1	X				140,298.75		9004838174			1008		000000000000000000		0000000000	0000	0000000000	0000										45	29.07.2026	1				0				000000000000000000	1014								0		0	00000000	
ROW95|700	003004313402	0001	E		000	00000000					000000	0000		0	40	45	0	TO	TO	000000000015000177	0	0			29.07.2026		000000000000	0.0	X	0.0		X			1014	FJWN	1	1	0	X		FG01			1014	40	ZPFG	29.07.2026	29.07.2026	1	X				140,298.75		9004838175			1008		000000000000000000		0000000000	0000	0000000000	0000										40	29.07.2026	1				0				000000000000000000	1014								0		0	00000000	
ROW96|700	003004313403	0001	E		000	00000000					000000	0000		0	38	38	0	TO	TO	000000000015000177	0	0			29.07.2026		000000000000	0.0	X	0.0		X			1014	FJWN	1	1	0	X		FG01			1014	40	ZPFG	29.07.2026	29.07.2026	1	X				118,474.50		9004838176			1008		000000000000000000		0000000000	0000	0000000000	0000										38	29.07.2026	1				0				000000000000000000	1014								0		0	00000000	
ROW97|700	003004313406	0001	E		000	00000000					000000	0000		0	45	45	0	TO	TO	000000000015000177	0	0			29.07.2026		000000000000	0.0	X	0.0		X			1014	FJWN	1	1	0	X		FG01			1014	40	ZPFG	29.07.2026	29.07.2026	1	X				140,298.75		9004838179			1008		000000000000000000		0000000000	0000	0000000000	0000										45	29.07.2026	1				0				000000000000000000	1014								0		0	00000000	
ROW98|700	003004313407	0001	E		000	00000000					000000	0000		0	45	45	0	TO	TO	000000000015000177	0	0			29.07.2026		000000000000	0.0	X	0.0		X			1014	FJWN	1	1	0	X		FG01			1014	40	ZPFG	29.07.2026	29.07.2026	1	X				140,298.75		9004838180			1008		000000000000000000		0000000000	0000	0000000000	0000										45	29.07.2026	1				0				000000000000000000	1014								0		0	00000000	
ROW99|700	003004313408	0001	E		000	00000000					000000	0000		0	45	45	0	TO	TO	000000000015000177	0	0			30.07.2026		000000000000	0.0	X	0.0		X			1014	FJWN	1	1	0	X		FG01			1014	40	ZPFG	29.07.2026	29.07.2026	1	X				140,298.75		9004838181			1008		000000000000000000		0000000000	0000	0000000000	0000										45	29.07.2026	1				0				000000000000000000	1014								0		0	00000000	
ROW100|700	003004313420	0001	E		000	00000000					000000	0000		0	42	35	0	TO	TO	000000000015000177	0	0			29.07.2026		000000000000	0.0	X	0.0		X			1304	FEGU	1	1	0			FG01			1304	40	ZPFG	29.07.2026	29.07.2026	1	X				149,307.55		9004838209			1309		000000000000000000		0000000000	0000	0000000000	0000										42	29.07.2026	1				0				000000000000000000	1304								0		0	00000000	
ROW101|700	003004313443	0001	E		000	00000000					000000	0000		0	42	42	0	TO	TO	000000000015000177	0	0			29.07.2026		000000000000	0.0	X	0.0		X			1003	FRNC	1	1	0	X		FG01			1003	40	ZPFG	29.07.2026	29.07.2026	1	X				129,425.94		9004838253			1008		000000000000000000		0000000000	0000	0000000000	0000										42	29.07.2026	1				0				000000000000000000	1003								0		0	00000000	
ROW102|700	003004313466	0001	E		000	00000000					000000	0000		0	45	0	0	TO	TO	000000000015000177	0	0					000000000000	0.0	X	0.0		X			1010	FUPG	1	1	0			FG01			1010	40	ZPFG	29.07.2026	29.07.2026	1					0.00		9004838308			1009		000000000000000000		0000000000	0000	0000000000	0000										45	29.07.2026	1				0				000000000000000000	1010								0		0	00000000	
ROW103|700	003004313467	0001	E		000	00000000					000000	0000		0	45	0	0	TO	TO	000000000015000177	0	0					000000000000	0.0	X	0.0		X			1010	FUPG	1	1	0			FG01			1010	40	ZPFG	29.07.2026	29.07.2026	1					0.00		9004838311			1009		000000000000000000		0000000000	0000	0000000000	0000										45	29.07.2026	1				0				000000000000000000	1010								0		0	00000000	
ROW104|700	003004313483	0001	E		000	00000000					000000	0000		0	45	45	0	TO	TO	000000000015000177	0	0			29.07.2026		000000000000	0.0	X	0.0		X			1006	FJGU	1	1	0	X		FG01			1006	40	ZPFG	29.07.2026	29.07.2026	1	X				164,635.20		9004838347			1008		000000000000000000		0000000000	0000	0000000000	0000										45	29.07.2026	1				0				000000000000000000	1006								0		0	00000000	
ROW105|700	003004313495	0001	E		000	00000000					000000	0000		0	21	0	0	TO	TO	000000000015000177	0	0					000000000000	0.0	X	0.0		X			1304	FEGU	1	1	0			FG01			1304	40	ZPFG	29.07.2026	29.07.2026	1					0.00		9004838388			1309		000000000000000000		0000000000	0000	0000000000	0000										21	29.07.2026	1				0				000000000000000000	1304								0		0	00000000	
ROW106|700	003004313512	0001	E		000	00000000					000000	0000		0	45	44	0	TO	TO	000000000015000177	0	0			29.07.2026		000000000000	0.0	X	0.0		X			1003	FRNC	1	1	0			FG01			1003	40	ZPFG	29.07.2026	29.07.2026	1	X				135,589.08		9004838421			1008		000000000000000000		0000000000	0000	0000000000	0000										45	29.07.2026	1				0				000000000000000000	1003								0		0	00000000	
ROW107|700	003004313524	0001	E		000	00000000					000000	0000		0	45	45	0	TO	TO	000000000015000177	0	0			29.07.2026		000000000000	0.0	X	0.0		X			1003	FRNC	1	1	0	X		FG01			1003	40	ZPFG	29.07.2026	29.07.2026	1	X				138,670.65		9004838439			1008		000000000000000000		0000000000	0000	0000000000	0000										45	29.07.2026	1				0				000000000000000000	1003								0		0	00000000	
ROW108|700	003004313527	0001	E		000	00000000					000000	0000		0	50	0	0	TO	TO	000000000015000177	0	0					000000000000	0.0	X	0.0		X			1004	FNWL	1	1	0			FG01			1004	40	ZPFG	29.07.2026	29.07.2026	1					0.00		9004838444			1008		000000000000000000		0000000000	0000	0000000000	0000										50	29.07.2026	1				0				000000000000000000	1004								0		0	00000000	
ROW109|700	003004313538	0001	E		000	00000000					000000	0000		0	22	0	0	TO	TO	000000000015000177	0	0					000000000000	0.0	X	0.0		X			1007	FRGU	1	1	0			FG01			1007	40	ZPFG	29.07.2026	29.07.2026	1					0.00		9004838460			1005		000000000000000000		0000000000	0000	0000000000	0000										22	29.07.2026	1				0				000000000000000000	1007								0		0	00000000	
ROW110|700	003004313539	0001	E		000	00000000					000000	0000		0	18	0	0	TO	TO	000000000015000177	0	0					000000000000	0.0	X	0.0		X			1007	FRGU	1	1	0			FG01			1007	40	ZPFG	29.07.2026	29.07.2026	1					0.00		9004838461			1005		000000000000000000		0000000000	0000	0000000000	0000										18	29.07.2026	1				0				000000000000000000	1007								0		0	00000000	
ROW111|700	003004313559	0001	E		000	00000000					000000	0000		0	35	35	0	TO	TO	000000000015000177	0	0			29.07.2026		000000000000	0.0	X	0.0		X			1046	FNRC	1	1	0	X		FG01			1046	40	ZPFG	29.07.2026	29.07.2026	1	X				96,813.50		9004838497			1022		000000000000000000		0000000000	0000	0000000000	0000										35	29.07.2026	1				0				000000000000000000	1046								0		0	00000000	
ROW112|700	003004313560	0001	E		000	00000000					000000	0000		0	35	35	0	TO	TO	000000000015000177	0	0			29.07.2026		000000000000	0.0	X	0.0		X			1046	FNRC	1	1	0	X		FG01			1046	40	ZPFG	29.07.2026	29.07.2026	1	X				96,813.50		9004838498			1022		000000000000000000		0000000000	0000	0000000000	0000										35	29.07.2026	1				0				000000000000000000	1046								0		0	00000000	
ROW113|700	003004313564	0001	E		000	00000000					000000	0000		0	40	35	0	TO	TO	000000000015000177	0	0			29.07.2026		000000000000	0.0	X	0.0		X			1046	FNRC	1	1	0			FG01			1046	40	ZPFG	29.07.2026	29.07.2026	1	X				96,813.50		9004838503			1022		000000000000000000		0000000000	0000	0000000000	0000										40	29.07.2026	1				0				000000000000000000	1046								0		0	00000000	
ROW114|700	003004313615	0001	E		000	00000000					000000	0000		0	42	42	0	TO	TO	000000000015000177	0	0			29.07.2026		000000000000	0.0	X	0.0		X			1003	FRNC	1	1	0	X		FG01			1003	40	ZPFG	29.07.2026	29.07.2026	1	X				129,425.94		9004838590			1008		000000000000000000		0000000000	0000	0000000000	0000										42	29.07.2026	1				0				000000000000000000	1003								0		0	00000000	
ROW115|700	003004313616	0001	E		000	00000000					000000	0000		0	1	43	0	TO	TO	000000000015000177	0	0			29.07.2026		000000000000	0.0	X	0.0		X			1003	FRNC	1	1	0	X		FG01			1003	40	ZPFG	29.07.2026	29.07.2026	1	X				132,507.51		9004838602			1008		000000000000000000		0000000000	0000	0000000000	0000										1	29.07.2026	1				0				000000000000000000	1003								0		0	00000000	
ROW116|700	003004313642	0001	E		000	00000000					000000	0000		0	45	0	0	TO	TO	000000000015000177	0	0					000000000000	0.0	X	0.0		X			1010	FUPG	1	1	0			FG01			1010	40	ZPFG	29.07.2026	29.07.2026	1					0.00		9004838649			1009		000000000000000000		0000000000	0000	0000000000	0000										45	29.07.2026	1				0				000000000000000000	1010								0		0	00000000	
ROW117|700	003004313644	0001	E		000	00000000					000000	0000		0	42	42	0	TO	TO	000000000015000177	0	0			29.07.2026		000000000000	0.0	X	0.0		X			1003	FRNC	1	1	0	X		FG01			1003	40	ZPFG	29.07.2026	29.07.2026	1	X				129,425.94		9004838651			1008		000000000000000000		0000000000	0000	0000000000	0000										42	29.07.2026	1				0				000000000000000000	1003								0		0	00000000	
ROW118|700	003004313647	0001	E		000	00000000					000000	0000		0	30	0	0	TO	TO	000000000015000177	0	0					000000000000	0.0	X	0.0		X			1014	FJWN	1	1	0			FG01			1014	40	ZPFG	29.07.2026	29.07.2026	1					0.00		9004838656			1008		000000000000000000		0000000000	0000	0000000000	0000										30	29.07.2026	1				0				000000000000000000	1014								0		0	00000000	
ROW119|700	003004313681	0001	E		000	00000000					000000	0000		0	40	0	0	TO	TO	000000000015000177	0	0					000000000000	0.0	X	0.0		X			1007	FRGU	1	1	0			FG01			1007	40	ZPFG	29.07.2026	29.07.2026	1					0.00		9004838729			1005		000000000000000000		0000000000	0000	0000000000	0000										40	29.07.2026	1				0				000000000000000000	1007								0		0	00000000	
ROW120|700	003004313704	0001	E		000	00000000					000000	0000		0	36	36	0	TO	TO	000000000015000177	0	0			29.07.2026		000000000000	0.0	X	0.0		X			1304	FEGU	1	1	0	X		FG01			1304	40	ZPFG	29.07.2026	29.07.2026	1	X				153,573.48		9004838794			1309		000000000000000000		0000000000	0000	0000000000	0000										36	29.07.2026	1				0				000000000000000000	1304								0		0	00000000	
ROW121|700	003004313736	0001	E		000	00000000					000000	0000		0	20	20	0	TO	TO	000000000015000177	0	0			29.07.2026		000000000000	0.0	X	0.0		X			1014	FJWN	1	1	0	X		FG01			1014	40	ZPFG	29.07.2026	29.07.2026	1	X				62,355.00		9004838853			1008		000000000000000000		0000000000	0000	0000000000	0000										20	29.07.2026	1				0				000000000000000000	1014								0		0	00000000	
ROW122|700	003004313803	0001	E		000	00000000					000000	0000		0	45	45	0	TO	TO	000000000015000177	0	0			29.07.2026		000000000000	0.0	X	0.0		X			1004	FNWL	1	1	0	X		FG01			1004	40	ZPFG	29.07.2026	29.07.2026	1	X				125,517.15		9004839006			1008		000000000000000000		0000000000	0000	0000000000	0000										45	29.07.2026	1				0				000000000000000000	1004								0		0	00000000	
ROW123|700	003004313814	0001	E		000	00000000					000000	0000		0	42	0	0	TO	TO	000000000015000177	0	0					000000000000	0.0	X	0.0		X			1004	FNWL	1	1	0			FG01			1004	40	ZPFG	29.07.2026	29.07.2026	1					0.00		9004839025			1008		000000000000000000		0000000000	0000	0000000000	0000										42	29.07.2026	1				0				000000000000000000	1004								0		0	00000000	
ROW124|700	003004313816	0001	E		000	00000000					000000	0000		0	39	0	0	TO	TO	000000000015000177	0	0					000000000000	0.0	X	0.0		X			1004	FNWL	1	1	0			FG01			1004	40	ZPFG	29.07.2026	29.07.2026	1					0.00		9004839028			1008		000000000000000000		0000000000	0000	0000000000	0000										39	29.07.2026	1				0				000000000000000000	1004								0		0	00000000	
ROW125|700	003004313818	0001	E		000	00000000					000000	0000		0	42	42	0	TO	TO	000000000015000177	0	0			29.07.2026		000000000000	0.0	X	0.0		X			1004	FNWL	1	1	0	X		FG01			1004	40	ZPFG	29.07.2026	29.07.2026	1	X				117,149.34		9004839030			1008		000000000000000000		0000000000	0000	0000000000	0000										42	29.07.2026	1				0				000000000000000000	1004								0		0	00000000	
ROW126|700	003004313847	0001	E		000	00000000					000000	0000		0	38	38	0	TO	TO	000000000015000177	0	0			29.07.2026		000000000000	0.0	X	0.0		X			1014	FJWN	1	1	0	X		FG01			1014	40	ZPFG	29.07.2026	29.07.2026	1	X				118,474.50		9004839095			1008		000000000000000000		0000000000	0000	0000000000	0000										38	29.07.2026	1				0				000000000000000000	1014								0		0	00000000	
ROW127|700	003004313862	0001	E		000	00000000					000000	0000		0	42	0	0	TO	TO	000000000015000177	0	0					000000000000	0.0	X	0.0		X			1014	FJWN	1	1	0			FG01			1014	40	ZPFG	29.07.2026	29.07.2026	1					0.00		9004839114			1008		000000000000000000		0000000000	0000	0000000000	0000										42	29.07.2026	1				0				000000000000000000	1014								0		0	00000000	
ROW128|700	003004313877	0001	E		000	00000000					000000	0000		0	42	42	0	TO	TO	000000000015000177	0	0			30.07.2026		000000000000	0.0	X	0.0		X			1014	FJWN	1	1	0	X		FG01			1014	40	ZPFG	29.07.2026	29.07.2026	1	X				130,945.50		9004839141			1008		000000000000000000		0000000000	0000	0000000000	0000										42	29.07.2026	1				0				000000000000000000	1014								0		0	00000000	
ROW129|700	003004313887	0001	E		000	00000000					000000	0000		0	45	45	0	TO	TO	000000000015000177	0	0			29.07.2026		000000000000	0.0	X	0.0		X			1014	FJWN	1	1	0	X		FG01			1014	40	ZPFG	29.07.2026	29.07.2026	1	X				140,298.75		9004839157			1008		000000000000000000		0000000000	0000	0000000000	0000										45	29.07.2026	1				0				000000000000000000	1014								0		0	00000000	
ROW130|700	003004313888	0001	E		000	00000000					000000	0000		0	45	45	0	TO	TO	000000000015000177	0	0			30.07.2026		000000000000	0.0	X	0.0		X			1014	FJWN	1	1	0	X		FG01			1014	40	ZPFG	29.07.2026	29.07.2026	1	X				140,298.75		9004839158			1008		000000000000000000		0000000000	0000	0000000000	0000										45	29.07.2026	1				0				000000000000000000	1014								0		0	00000000	
ROW131|700	003004313897	0001	E		000	00000000					000000	0000		0	9	0	0	TO	TO	000000000015000177	0	0					000000000000	0.0	X	0.0		X			1014	FJWN	1	1	0			FG01			1014	40	ZPFG	29.07.2026	29.07.2026	1					0.00		9004839178			1008		000000000000000000		0000000000	0000	0000000000	0000										9	29.07.2026	1				0				000000000000000000	1014								0		0	00000000	
ROW132|700	003004313898	0001	E		000	00000000					000000	0000		0	3	0	0	TO	TO	000000000015000177	0	0					000000000000	0.0	X	0.0		X			1014	FJWN	1	1	0			FG01			1014	40	ZPFG	29.07.2026	29.07.2026	1					0.00		9004839179			1008		000000000000000000		0000000000	0000	0000000000	0000										3	29.07.2026	1				0				000000000000000000	1014								0		0	00000000	
ROW133|700	003004313929	0001	E		000	00000000					000000	0000		0	20	0	0	TO	TO	000000000015000177	0	0					000000000000	0.0	X	0.0		X			1014	FJWN	1	1	0			FG01			1014	40	ZPFG	29.07.2026	29.07.2026	1					0.00		9004839223			1008		000000000000000000		0000000000	0000	0000000000	0000										20	29.07.2026	1				0				000000000000000000	1014								0		0	00000000	
ROW134|700	003004313982	0001	E		000	00000000					000000	0000		0	38	40	0	TO	TO	000000000015000177	0	0			29.07.2026		000000000000	0.0	X	0.0		X			1004	FNWL	1	1	0	X		FG01			1004	40	ZPFG	29.07.2026	29.07.2026	1	X				111,570.80		9004839318			1008		000000000000000000		0000000000	0000	0000000000	0000										38	29.07.2026	1				0				000000000000000000	1004								0		0	00000000	
ROW135|700	003004313984	0001	E		000	00000000					000000	0000		0	45	40	0	TO	TO	000000000015000177	0	0			29.07.2026		000000000000	0.0	X	0.0		X			1004	FNWL	1	1	0			FG01			1004	40	ZPFG	29.07.2026	29.07.2026	1	X				111,570.80		9004839321			1008		000000000000000000		0000000000	0000	0000000000	0000										45	29.07.2026	1				0				000000000000000000	1004								0		0	00000000	
ROW136|700	003004313994	0001	E		000	00000000					000000	0000		0	35	35	0	TO	TO	000000000015000177	0	0			29.07.2026		000000000000	0.0	X	0.0		X			1304	FEGU	1	1	0	X		FG01			1304	40	ZPFG	29.07.2026	29.07.2026	1	X				149,307.55		9004839340			1309		000000000000000000		0000000000	0000	0000000000	0000										35	29.07.2026	1				0				000000000000000000	1304								0		0	00000000	
ROW137|700	003004314033	0001	E		000	00000000					000000	0000		0	3	3	0	TO	TO	000000000015000177	0	0			29.07.2026		000000000000	0.0	X	0.0		X			1014	FJWN	1	1	0	X		FG01			1014	40	ZPFG	29.07.2026	29.07.2026	1	X				9,353.25		9004839407			1008		000000000000000000		0000000000	0000	0000000000	0000										3	29.07.2026	1				0				000000000000000000	1014								0		0	00000000	
ROW138|700	003004314035	0001	E		000	00000000					000000	0000		0	3	3	0	TO	TO	000000000015000177	0	0			29.07.2026		000000000000	0.0	X	0.0		X			1014	FJWN	1	1	0	X		FG01			1014	40	ZPFG	29.07.2026	29.07.2026	1	X				9,353.25		9004839409			1008		000000000000000000		0000000000	0000	0000000000	0000										3	29.07.2026	1				0				000000000000000000	1014								0		0	00000000	
ROW139|700	003004314043	0001	E		000	00000000					000000	0000		0	30	0	0	TO	TO	000000000015000177	0	0					000000000000	0.0	X	0.0		X			1014	FJWN	1	1	0			FG01			1014	40	ZPFG	29.07.2026	29.07.2026	1					0.00		9004839423			1008		000000000000000000		0000000000	0000	0000000000	0000										30	29.07.2026	1				0				000000000000000000	1014								0		0	00000000	
ROW140|700	003004314045	0001	E		000	00000000					000000	0000		0	45	45	0	TO	TO	000000000015000177	0	0			29.07.2026		000000000000	0.0	X	0.0		X			1014	FJWN	1	1	0	X		FG01			1014	40	ZPFG	29.07.2026	29.07.2026	1	X				140,298.75		9004839427			1008		000000000000000000		0000000000	0000	0000000000	0000										45	29.07.2026	1				0				000000000000000000	1014								0		0	00000000	
ROW141|700	003004314069	0001	E		000	00000000					000000	0000		0	42	0	0	TO	TO	000000000015000177	0	0					000000000000	0.0	X	0.0		X			1014	FJWN	1	1	0			FG01			1014	40	ZPFG	29.07.2026	29.07.2026	1					0.00		9004839505			1008		000000000000000000		0000000000	0000	0000000000	0000										42	29.07.2026	1				0				000000000000000000	1014								0		0	00000000	
ROW142|700	003004314337	0001	E		000	00000000					000000	0000		0	45	0	0	TO	TO	000000000015000177	0	0					000000000000	0.0	X	0.0		X			1014	FJWN	1	1	0			FG01			1014	40	ZPFG	29.07.2026	29.07.2026	1					0.00		9004840036			1008		000000000000000000		0000000000	0000	0000000000	0000										45	29.07.2026	1				0				000000000000000000	1014								0		0	00000000	
ROW143|700	003004314346	0001	E		000	00000000					000000	0000		0	25	0	0	TO	TO	000000000015000177	0	0					000000000000	0.0	X	0.0		X			1014	FJWN	1	1	0			FG01			1014	40	ZPFG	29.07.2026	29.07.2026	1					0.00		9004840055			1008		000000000000000000		0000000000	0000	0000000000	0000										25	29.07.2026	1				0				000000000000000000	1014								0		0	00000000	
ROW144|700	003004314352	0001	E		000	00000000					000000	0000		0	25	0	0	TO	TO	000000000015000177	0	0					000000000000	0.0	X	0.0		X			1014	FJWN	1	1	0			FG01			1014	40	ZPFG	29.07.2026	29.07.2026	1					0.00		9004840067			1008		000000000000000000		0000000000	0000	0000000000	0000										25	29.07.2026	1				0				000000000000000000	1014								0		0	00000000	
ROW145|700	003004314366	0001	E		000	00000000					000000	0000		0	42	0	0	TO	TO	000000000015000177	0	0					000000000000	0.0	X	0.0		X			1014	FJWN	1	1	0			FG01			1014	40	ZPFG	29.07.2026	29.07.2026	1					0.00		9004840086			1008		000000000000000000		0000000000	0000	0000000000	0000										42	29.07.2026	1				0				000000000000000000	1014								0		0	00000000	
ROW146|700	003004314368	0001	E		000	00000000					000000	0000		0	25	0	0	TO	TO	000000000015000177	0	0					000000000000	0.0	X	0.0		X			1014	FJWN	1	1	0			FG01			1014	40	ZPFG	29.07.2026	29.07.2026	1					0.00		9004840088			1008		000000000000000000		0000000000	0000	0000000000	0000										25	29.07.2026	1				0				000000000000000000	1014								0		0	00000000	
ROW147|700	003004314369	0001	E		000	00000000					000000	0000		0	20	0	0	TO	TO	000000000015000177	0	0					000000000000	0.0	X	0.0		X			1014	FJWN	1	1	0			FG01			1014	40	ZPFG	29.07.2026	29.07.2026	1					0.00		9004840089			1008		000000000000000000		0000000000	0000	0000000000	0000										20	29.07.2026	1				0				000000000000000000	1014								0		0	00000000	
ROW148|700	003004314370	0001	E		000	00000000					000000	0000		0	38	0	0	TO	TO	000000000015000177	0	0					000000000000	0.0	X	0.0		X			1014	FJWN	1	1	0			FG01			1014	40	ZPFG	29.07.2026	29.07.2026	1					0.00		9004840091			1008		000000000000000000		0000000000	0000	0000000000	0000										38	29.07.2026	1				0				000000000000000000	1014								0		0	00000000	
ROW149|700	003004314472	0001	E		000	00000000					000000	0000		0	45	0	0	TO	TO	000000000015000177	0	0					000000000000	0.0	X	0.0		X			1004	FNWL	1	1	0			FG01			1004	40	ZPFG	29.07.2026	29.07.2026	1					0.00		9004840363			1008		000000000000000000		0000000000	0000	0000000000	0000										45	29.07.2026	1				0				000000000000000000	1004								0		0	00000000	
ROW150|700	003004314520	0001	E		000	00000000					000000	0000		0	45	0	0	TO	TO	000000000015000177	0	0					000000000000	0.0	X	0.0		X			1003	FRNC	1	1	0			FG01			1003	40	ZPFG	29.07.2026	29.07.2026	1					0.00		9004840449			1008		000000000000000000		0000000000	0000	0000000000	0000										45	29.07.2026	1				0				000000000000000000	1003								0		0	00000000	
ROW151|700	003004314528	0001	E		000	00000000					000000	0000		0	45	0	0	TO	TO	000000000015000177	0	0					000000000000	0.0	X	0.0		X			1003	FRNC	1	1	0			FG01			1003	40	ZPFG	29.07.2026	29.07.2026	1					0.00		9004840461			1008		000000000000000000		0000000000	0000	0000000000	0000										45	29.07.2026	1				0				000000000000000000	1003								0		0	00000000	
ROW152|700	003004314624	0001	E		000	00000000					000000	0000		0	20	0	0	TO	TO	000000000015000177	0	0					000000000000	0.0	X	0.0		X			1003	FRNC	1	1	0			FG01			1003	40	ZPFG	29.07.2026	29.07.2026	1					0.00		9004840649			1008		000000000000000000		0000000000	0000	0000000000	0000										20	29.07.2026	1				0				000000000000000000	1003								0		0	00000000	
ROW153|700	003004314653	0001	E		000	00000000					000000	0000		0	20	0	0	TO	TO	000000000015000177	0	0					000000000000	0.0	X	0.0		X			1003	FRNC	1	1	0			FG01			1003	40	ZPFG	29.07.2026	29.07.2026	1					0.00		9004840705			1008		000000000000000000		0000000000	0000	0000000000	0000										20	29.07.2026	1				0				000000000000000000	1003								0		0	00000000	
ROW154|700	003004314694	0001	E		000	00000000					000000	0000		0	45	0	0	TO	TO	000000000015000177	0	0					000000000000	0.0	X	0.0		X			1000	FBWR	1	1	0			FG01			1000	40	ZPFG	29.07.2026	29.07.2026	1					0.00		9004840766			1008		000000000000000000		0000000000	0000	0000000000	0000										45	29.07.2026	1				0				000000000000000000	1000								0		0	00000000	
ROW155|700	003004314697	0001	E		000	00000000					000000	0000		0	30	0	0	TO	TO	000000000015000177	0	0					000000000000	0.0	X	0.0		X			1304	FEGU	1	1	0			FG01			1304	40	ZPFG	29.07.2026	29.07.2026	1					0.00		9004840771			1309		000000000000000000		0000000000	0000	0000000000	0000										30	29.07.2026	1				0				000000000000000000	1304								0		0	00000000	
ROW156|700	003004315061	0001	E		000	00000000					000000	0000		0	40	0	0	TO	TO	000000000015000177	0	0					000000000000	0.0	X	0.0		X			1003	FRNC	1	1	0			FG01			1003	40	ZPFG	29.07.2026	29.07.2026	1					0.00		9004841476			1008		000000000000000000		0000000000	0000	0000000000	0000										40	29.07.2026	1				0				000000000000000000	1003								0		0	00000000	
ROW157|700	003004315178	0001	E		000	00000000					000000	0000		0	30	0	0	TO	TO	000000000015000177	0	0					000000000000	0.0	X	0.0		X			1040	FRPR	1	1	0			FG01			1040	40	ZPFG	29.07.2026	29.07.2026		X				0.00		9004841654			1022		000000000000000000		0000000000	0000	0000000000	0000										0	31.12.9999	1				0				000000000000000000	1040								0		0	00000000	
ROW158|700	003004315183	0001	E		000	00000000					000000	0000		0	25	0	0	TO	TO	000000000015000177	0	0					000000000000	0.0	X	0.0		X			1014	FJWN	1	1	0			FG01			1014	40	ZPFG	29.07.2026	29.07.2026	1					0.00		9004841667			1008		000000000000000000		0000000000	0000	0000000000	0000										25	29.07.2026	1				0				000000000000000000	1014								0		0	00000000	
ROW159|700	003004315190	0001	E		000	00000000					000000	0000		0	45	0	0	TO	TO	000000000015000177	0	0					000000000000	0.0	X	0.0		X			1014	FJWN	1	1	0			FG01			1014	40	ZPFG	29.07.2026	29.07.2026	1					0.00		9004841678			1008		000000000000000000		0000000000	0000	0000000000	0000										45	29.07.2026	1				0				000000000000000000	1014								0		0	00000000	
ROW160|700	003004315247	0001	E		000	00000000					000000	0000		0	42	0	0	TO	TO	000000000015000177	0	0					000000000000	0.0	X	0.0		X			1004	FNWL	1	1	0			FG01			1004	40	ZPFG	29.07.2026	29.07.2026	1					0.00		9004841774			1008		000000000000000000		0000000000	0000	0000000000	0000										42	29.07.2026	1				0				000000000000000000	1004								0		0	00000000	
ROW161|700	003004315286	0001	E		000	00000000					000000	0000		0	42	0	0	TO	TO	000000000015000177	0	0					000000000000	0.0	X	0.0		X			1003	FRNC	1	1	0			FG01			1003	40	ZPFG	29.07.2026	29.07.2026	1					0.00		9004841851			1008		000000000000000000		0000000000	0000	0000000000	0000										42	29.07.2026	1				0				000000000000000000	1003								0		0	00000000	
ROW162|700	003004315287	0001	E		000	00000000					000000	0000		0	45	0	0	TO	TO	000000000015000177	0	0					000000000000	0.0	X	0.0		X			1003	FRNC	1	1	0			FG01			1003	40	ZPFG	29.07.2026	29.07.2026	1					0.00		9004841852			1008		000000000000000000		0000000000	0000	0000000000	0000										45	29.07.2026	1				0				000000000000000000	1003								0		0	00000000	
ROW163|700	003004315289	0001	E		000	00000000					000000	0000		0	42	0	0	TO	TO	000000000015000177	0	0					000000000000	0.0	X	0.0		X			1003	FRNC	1	1	0			FG01			1003	40	ZPFG	29.07.2026	29.07.2026	1					0.00		9004841854			1008		000000000000000000		0000000000	0000	0000000000	0000										42	29.07.2026	1				0				000000000000000000	1003								0		0	00000000	
ROW164|700	003004315382	0001	E		000	00000000					000000	0000		0	50	0	0	TO	TO	000000000015000177	0	0					000000000000	0.0	X	0.0		X			1046	FNRC	1	1	0			FG01			1046	40	ZPFG	29.07.2026	29.07.2026	1					0.00		9004842017			1022		000000000000000000		0000000000	0000	0000000000	0000										50	29.07.2026	1				0				000000000000000000	1046								0		0	00000000	
ROW165|700	003004315416	0001	E		000	00000000					000000	0000		0	45	0	0	TO	TO	000000000015000177	0	0					000000000000	0.0	X	0.0		X			1004	FNWL	1	1	0			FG01			1004	40	ZPFG	29.07.2026	29.07.2026	1					0.00		9004842076			1008		000000000000000000		0000000000	0000	0000000000	0000										45	29.07.2026	1				0				000000000000000000	1004								0		0	00000000	
ROW166|700	003004315515	0001	E		000	00000000					000000	0000		0	42	0	0	TO	TO	000000000015000177	0	0					000000000000	0.0	X	0.0		X			1004	FNWL	1	1	0			FG01			1004	40	ZPFG	29.07.2026	29.07.2026	1					0.00		9004842312			1008		000000000000000000		0000000000	0000	0000000000	0000										42	29.07.2026	1				0				000000000000000000	1004								0		0	00000000	
ROW167|700	003004315537	0001	E		000	00000000					000000	0000		0	40	0	0	TO	TO	000000000015000177	0	0					000000000000	0.0	X	0.0		X			1304	FEGU	1	1	0			FG01			1304	40	ZPFG	29.07.2026	29.07.2026	1					0.00		9004842353			1309		000000000000000000		0000000000	0000	0000000000	0000										40	29.07.2026	1				0				000000000000000000	1304								0		0	00000000	
ROW168|700	003004315758	0001	E		000	00000000					000000	0000		0	45	0	0	TO	TO	000000000015000177	0	0					000000000000	0.0	X	0.0		X			1010	FUPG	1	1	0			FG01			1010	40	ZPFG	29.07.2026	29.07.2026	1					0.00		9004842771			1009		000000000000000000		0000000000	0000	0000000000	0000										45	29.07.2026	1				0				000000000000000000	1010								0		0	00000000	
ROW169|700	003004315775	0001	E		000	00000000					000000	0000		0	42	0	0	TO	TO	000000000015000177	0	0					000000000000	0.0	X	0.0		X			1003	FRNC	1	1	0			FG01			1003	40	ZPFG	29.07.2026	29.07.2026	1					0.00		9004842817			1008		000000000000000000		0000000000	0000	0000000000	0000										42	29.07.2026	1				0				000000000000000000	1003								0		0	00000000	
ROW170|700	003004315962	0001	E		000	00000000					000000	0000		0	16	0	0	TO	TO	000000000015000177	0	0					000000000000	0.0	X	0.0		X			1007	FRGU	1	1	0			FG01			1007	40	ZPFG	29.07.2026	29.07.2026	1					0.00		9004843267			1005		000000000000000000		0000000000	0000	0000000000	0000										16	29.07.2026	1				0				000000000000000000	1007								0		0	00000000	
ROW171|700	003004315963	0001	E		000	00000000					000000	0000		0	9	0	0	TO	TO	000000000015000177	0	0					000000000000	0.0	X	0.0		X			1007	FRGU	1	1	0			FG01			1007	40	ZPFG	29.07.2026	29.07.2026	1					0.00		9004843268			1005		000000000000000000		0000000000	0000	0000000000	0000										9	29.07.2026	1				0				000000000000000000	1007								0		0	00000000	
ROW172|700	003004315969	0001	E		000	00000000					000000	0000		0	25	0	0	TO	TO	000000000015000177	0	0					000000000000	0.0	X	0.0		X			1045	FOCP	1	1	0			FG01			1045	40	ZPFG	29.07.2026	29.07.2026	1					0.00		9004843277			1021		000000000000000000		0000000000	0000	0000000000	0000										25	29.07.2026	1				0				000000000000000000	1045								0		0	00000000	
ROW173|700	003004315970	0001	E		000	00000000					000000	0000		0	25	0	0	TO	TO	000000000015000177	0	0					000000000000	0.0	X	0.0		X			1045	FOCP	1	1	0			FG01			1045	40	ZPFG	29.07.2026	29.07.2026	1					0.00		9004843278			1021		000000000000000000		0000000000	0000	0000000000	0000										25	29.07.2026	1				0				000000000000000000	1045								0		0	00000000	
ROW174|700	003004316053	0001	E		000	00000000					000000	0000		0	42	0	0	TO	TO	000000000015000177	0	0					000000000000	0.0	X	0.0		X			1003	FRNC	1	1	0			FG01			1003	40	ZPFG	29.07.2026	29.07.2026	1					0.00		9004843524			1008		000000000000000000		0000000000	0000	0000000000	0000										42	29.07.2026	1				0				000000000000000000	1003								0		0	00000000	
ROW175|700	003004316054	0001	E		000	00000000					000000	0000		0	42	0	0	TO	TO	000000000015000177	0	0					000000000000	0.0	X	0.0		X			1003	FRNC	1	1	0			FG01			1003	40	ZPFG	29.07.2026	29.07.2026	1					0.00		9004843525			1008		000000000000000000		0000000000	0000	0000000000	0000										42	29.07.2026	1				0				000000000000000000	1003								0		0	00000000	
ROW176|700	003004316056	0001	E		000	00000000					000000	0000		0	42	0	0	TO	TO	000000000015000177	0	0					000000000000	0.0	X	0.0		X			1003	FRNC	1	1	0			FG01			1003	40	ZPFG	29.07.2026	29.07.2026	1					0.00		9004843527			1008		000000000000000000		0000000000	0000	0000000000	0000										42	29.07.2026	1				0				000000000000000000	1003								0		0	00000000	
ROW177|700	003004316057	0001	E		000	00000000					000000	0000		0	42	0	0	TO	TO	000000000015000177	0	0					000000000000	0.0	X	0.0		X			1003	FRNC	1	1	0			FG01			1003	40	ZPFG	29.07.2026	29.07.2026	1					0.00		9004843528			1008		000000000000000000		0000000000	0000	0000000000	0000										42	29.07.2026	1				0				000000000000000000	1003								0		0	00000000	
ROW178|700	003004316058	0001	E		000	00000000					000000	0000		0	42	0	0	TO	TO	000000000015000177	0	0					000000000000	0.0	X	0.0		X			1003	FRNC	1	1	0			FG01			1003	40	ZPFG	29.07.2026	29.07.2026	1					0.00		9004843529			1008		000000000000000000		0000000000	0000	0000000000	0000										42	29.07.2026	1				0				000000000000000000	1003								0		0	00000000	
ROW179|700	003004316060	0001	E		000	00000000					000000	0000		0	42	0	0	TO	TO	000000000015000177	0	0					000000000000	0.0	X	0.0		X			1003	FRNC	1	1	0			FG01			1003	40	ZPFG	29.07.2026	29.07.2026	1					0.00		9004843531			1008		000000000000000000		0000000000	0000	0000000000	0000										42	29.07.2026	1				0				000000000000000000	1003								0		0	00000000	
ROW180|700	003004316061	0001	E		000	00000000					000000	0000		0	42	0	0	TO	TO	000000000015000177	0	0					000000000000	0.0	X	0.0		X			1003	FRNC	1	1	0			FG01			1003	40	ZPFG	29.07.2026	29.07.2026	1					0.00		9004843532			1008		000000000000000000		0000000000	0000	0000000000	0000										42	29.07.2026	1				0				000000000000000000	1003								0		0	00000000	
ROW181|700	003004316072	0001	E		000	00000000					000000	0000		0	44	0	0	TO	TO	000000000015000177	0	0					000000000000	0.0	X	0.0		X			1003	FRNC	1	1	0			FG01			1003	40	ZPFG	29.07.2026	29.07.2026	1					0.00		9004843547			1008		000000000000000000		0000000000	0000	0000000000	0000										44	29.07.2026	1				0				000000000000000000	1003								0		0	00000000	
ROW182|700	003004316073	0001	E		000	00000000					000000	0000		0	44	0	0	TO	TO	000000000015000177	0	0					000000000000	0.0	X	0.0		X			1003	FRNC	1	1	0			FG01			1003	40	ZPFG	29.07.2026	29.07.2026	1					0.00		9004843549			1008		000000000000000000		0000000000	0000	0000000000	0000										44	29.07.2026	1				0				000000000000000000	1003								0		0	00000000	
ROW183|700	003004316074	0001	E		000	00000000					000000	0000		0	44	0	0	TO	TO	000000000015000177	0	0					000000000000	0.0	X	0.0		X			1003	FRNC	1	1	0			FG01			1003	40	ZPFG	29.07.2026	29.07.2026	1					0.00		9004843550			1008		000000000000000000		0000000000	0000	0000000000	0000										44	29.07.2026	1				0				000000000000000000	1003								0		0	00000000	
ROW184|700	003004316075	0001	E		000	00000000					000000	0000		0	45	0	0	TO	TO	000000000015000177	0	0					000000000000	0.0	X	0.0		X			1003	FRNC	1	1	0			FG01			1003	40	ZPFG	29.07.2026	29.07.2026	1					0.00		9004843552			1008		000000000000000000		0000000000	0000	0000000000	0000										45	29.07.2026	1				0				000000000000000000	1003								0		0	00000000	
ROW185|700	003004316077	0001	E		000	00000000					000000	0000		0	45	0	0	TO	TO	000000000015000177	0	0					000000000000	0.0	X	0.0		X			1003	FRNC	1	1	0			FG01			1003	40	ZPFG	29.07.2026	29.07.2026	1					0.00		9004843554			1008		000000000000000000		0000000000	0000	0000000000	0000										45	29.07.2026	1				0				000000000000000000	1003								0		0	00000000	
ROW186|700	003004316078	0001	E		000	00000000					000000	0000		0	45	0	0	TO	TO	000000000015000177	0	0					000000000000	0.0	X	0.0		X			1003	FRNC	1	1	0			FG01			1003	40	ZPFG	29.07.2026	29.07.2026	1					0.00		9004843555			1008		000000000000000000		0000000000	0000	0000000000	0000										45	29.07.2026	1				0				000000000000000000	1003								0		0	00000000	
ROW187|700	003004316305	0001	E		000	00000000					000000	0000		0	34	0	0	TO	TO	000000000015000177	0	0					000000000000	0.0	X	0.0		X			1004	FNWL	1	1	0			FG01			1004	40	ZPFG	30.07.2026	30.07.2026	1					0.00		9004844080			1008		000000000000000000		0000000000	0000	0000000000	0000										34	30.07.2026	1				0				000000000000000000	1004								0		0	00000000	
ROW188|700	003004316342	0001	E		000	00000000					000000	0000		0	40	0	0	TO	TO	000000000015000177	0	0					000000000000	0.0	X	0.0		X			1079	FKDT	1	1	0			FG01			1079	40	ZPFG	30.07.2026	30.07.2026	1					0.00		9004844170			1029		000000000000000000		0000000000	0000	0000000000	0000										40	30.07.2026	1				0				000000000000000000	1079								0		0	00000000	
ROW189|700	003004316372	0001	E		000	00000000					000000	0000		0	40	0	0	TO	TO	000000000015000177	0	0					000000000000	0.0	X	0.0		X			1004	FNWL	1	1	0			FG01			1004	40	ZPFG	30.07.2026	30.07.2026	1					0.00		9004844205			1008		000000000000000000		0000000000	0000	0000000000	0000										40	30.07.2026	1				0				000000000000000000	1004								0		0	00000000	
ROW190|700	003004316383	0001	E		000	00000000					000000	0000		0	50	0	0	TO	TO	000000000015000177	0	0					000000000000	0.0	X	0.0		X			1009	FBCU	1	1	0			FG01			1009	40	ZPFG	30.07.2026	30.07.2026	1					0.00		9004844229			1008		000000000000000000		0000000000	0000	0000000000	0000										50	30.07.2026	1				0				000000000000000000	1009								0		0	00000000	
ROW191|700	003004316409	0001	E		000	00000000					000000	0000		0	40	0	0	TO	TO	000000000015000177	0	0					000000000000	0.0	X	0.0		X			1004	FNWL	1	1	0			FG01			1004	40	ZPFG	30.07.2026	30.07.2026	1					0.00		9004844263			1008		000000000000000000		0000000000	0000	0000000000	0000										40	30.07.2026	1				0				000000000000000000	1004								0		0	00000000	
ROW192|700	003004316416	0001	E		000	00000000					000000	0000		0	40	0	0	TO	TO	000000000015000177	0	0					000000000000	0.0	X	0.0		X			1004	FNWL	1	1	0			FG01			1004	40	ZPFG	30.07.2026	30.07.2026	1					0.00		9004844270			1008		000000000000000000		0000000000	0000	0000000000	0000										40	30.07.2026	1				0				000000000000000000	1004								0		0	00000000	
ROW193|700	003004316536	0001	E		000	00000000					000000	0000		0	40	0	0	TO	TO	000000000015000177	0	0					000000000000	0.0	X	0.0		X			1010	FUPG	1	1	0			FG01			1010	40	ZPFG	30.07.2026	30.07.2026	1					0.00		9004844612			1009		000000000000000000		0000000000	0000	0000000000	0000										40	30.07.2026	1				0				000000000000000000	1010								0		0	00000000	
ROW194|700	003004316548	0001	E		000	00000000					000000	0000		0	45	0	0	TO	TO	000000000015000177	0	0					000000000000	0.0	X	0.0		X			1004	FNWL	1	1	0			FG01			1004	40	ZPFG	30.07.2026	30.07.2026	1					0.00		9004844638			1008		000000000000000000		0000000000	0000	0000000000	0000										45	30.07.2026	1				0				000000000000000000	1004								0		0	00000000	
ROW195|700	003004316551	0001	E		000	00000000					000000	0000		0	42	0	0	TO	TO	000000000015000177	0	0					000000000000	0.0	X	0.0		X			1004	FNWL	1	1	0			FG01			1004	40	ZPFG	30.07.2026	30.07.2026	1					0.00		9004844649			1008		000000000000000000		0000000000	0000	0000000000	0000										42	30.07.2026	1				0				000000000000000000	1004								0		0	00000000	
ROW196|700	003004316632	0001	E		000	00000000					000000	0000		0	42	0	0	TO	TO	000000000015000177	0	0					000000000000	0.0	X	0.0		X			1004	FNWL	1	1	0			FG01			1004	40	ZPFG	30.07.2026	30.07.2026	1					0.00		9004844789			1008		000000000000000000		0000000000	0000	0000000000	0000										42	30.07.2026	1				0				000000000000000000	1004								0		0	00000000	
ROW197|700	003004316633	0001	E		000	00000000					000000	0000		0	1	0	0	TO	TO	000000000015000177	0	0					000000000000	0.0	X	0.0		X			1004	FNWL	1	1	0			FG01			1004	40	ZPFG	30.07.2026	30.07.2026	1					0.00		9004844792			1008		000000000000000000		0000000000	0000	0000000000	0000										1	30.07.2026	1				0				000000000000000000	1004								0		0	00000000	
ROW198|700	003004316635	0001	E		000	00000000					000000	0000		0	0.500	0	0	TO	TO	000000000015000177	0	0					000000000000	0.0	X	0.0		X			1004	FNWL	1	1	0			FG01			1004	40	ZPFG	30.07.2026	30.07.2026	1					0.00		9004844795			1008		000000000000000000		0000000000	0000	0000000000	0000										0.500	30.07.2026	1				0				000000000000000000	1004								0		0	00000000	
ROW199|700	003004316650	0001	E		000	00000000					000000	0000		0	39	0	0	TO	TO	000000000015000177	0	0					000000000000	0.0	X	0.0		X			1004	FNWL	1	1	0			FG01			1004	40	ZPFG	30.07.2026	30.07.2026	1					0.00		9004844830			1008		000000000000000000		0000000000	0000	0000000000	0000										39	30.07.2026	1				0				000000000000000000	1004								0		0	00000000	
