SESSION|QS4/700 located at connection[0] session[0]|user=QNOVATE8
SELFIELD|ctxtI1-LOW=003004342633
SELFIELD|ctxtI1-HIGH=003004365835
SELFIELD|ctxtI3-LOW=000000000015000177
TABLE|AFPO
TITLE|Data Browser: Table AFPO Select Entries        200
SBAR|Selection restricted to 200 hits
ALV|rows=200|cols=100
HDR|MANDT	AUFNR	POSNR	PSOBS	QUNUM	QUPOS	PROJN	PLNUM	STRMP	ETRMP	KDAUF	KDPOS	KDEIN	BESKZ	PSAMG	PSMNG	WEMNG	IAMNG	AMEIN	MEINS	MATNR	PAMNG	PGMNG	KNTTP	TPAUF	LTRMI	LTRMP	KALNR	UEBTO	UEBTK	UNTTO	INSMK	WEPOS	BWTAR	BWTTY	PWERK	LGORT	UMREZ	UMREN	WEBAZ	ELIKZ	SAFNR	VERID	SERNR	TECHS	DWERK	DAUTY	DAUAT	DGLTP	DGLTS	DFREI	DNREL	VERTO	SOBKZ	KZVBR	WEWRT	WEUNB	ABLAD	WEMPF	CHARG	GSBER	WEAED	CUOBJ	KBNKZ	ARSNR	ARSPS	KRSNR	KRSPS	KCKEY	RTP01	RTP02	RTP03	RTP04	KSVON	KSBIS	OBJNP	NDISR	VFMNG	GSBTR	KZAVC	KZBWS	XLOEK	SERNP	ANZSN	OBJTYPE	CH_PROC	FXPRU	CUOBJ_ROOT	BERID	TECHS_COPY	SGT_SCAT	KUNNR2	FSH_SEASON_YEAR	FSH_SEASON	FSH_COLLECTION	FSH_THEME	FSH_SALLOC_QTY	MILL_OC_AUFNR_U	MILL_OC_RUMNG	MILL_OC_SORT	
ROW0|700	003004342679	0001	E		000	00000000					000000	0000		0	50	50	0	TO	TO	000000000015000177	0	0			05.08.2026		000000000000	0.0	X	0.0		X			1009	FBCU	1	1	0	X		FG01			1009	40	ZPFG	05.08.2026	05.08.2026	1					184,247.00		9004901276			1008		000000000000000000		0000000000	0000	0000000000	0000										50	05.08.2026	1				0				000000000000000000	1009								0		0	00000000	
ROW1|700	003004342680	0001	E		000	00000000					000000	0000		0	50	50	0	TO	TO	000000000015000177	0	0			05.08.2026		000000000000	0.0	X	0.0		X			1009	FBCU	1	1	0	X		FG01			1009	40	ZPFG	05.08.2026	05.08.2026	1					184,247.00		9004901277			1008		000000000000000000		0000000000	0000	0000000000	0000										50	05.08.2026	1				0				000000000000000000	1009								0		0	00000000	
ROW2|700	003004342687	0001	E		000	00000000					000000	0000		0	50	50	0	TO	TO	000000000015000177	0	0			05.08.2026		000000000000	0.0	X	0.0		X			1009	FBCU	1	1	0	X		FG01			1009	40	ZPFG	05.08.2026	05.08.2026	1					184,247.00		9004901311			1008		000000000000000000		0000000000	0000	0000000000	0000										50	05.08.2026	1				0				000000000000000000	1009								0		0	00000000	
ROW3|700	003004342753	0001	E		000	00000000					000000	0000		0	10	11	0	TO	TO	000000000015000177	0	0			05.08.2026		000000000000	0.0	X	0.0		X			1007	FRGU	1	1	0	X		FG01			1007	40	ZPFG	05.08.2026	05.08.2026	1					49,036.13		9004901551			1005		000000000000000000		0000000000	0000	0000000000	0000										10	05.08.2026	1				0				000000000000000000	1007								0		0	00000000	
ROW4|700	003004342754	0001	E		000	00000000					000000	0000		0	2	2	0	TO	TO	000000000015000177	0	0			05.08.2026		000000000000	0.0	X	0.0		X			1007	FRGU	1	1	0	X		FG01			1007	40	ZPFG	05.08.2026	05.08.2026	1					8,915.66		9004901552			1005		000000000000000000		0000000000	0000	0000000000	0000										2	05.08.2026	1				0				000000000000000000	1007								0		0	00000000	
ROW5|700	003004342760	0001	E		000	00000000					000000	0000		0	45	0	0	TO	TO	000000000015000177	0	0					000000000000	0.0	X	0.0		X			1004	FNWL	1	1	0			FG01			1004	40	ZPFG	05.08.2026	05.08.2026	1					0.00		9004901585			1008		000000000000000000		0000000000	0000	0000000000	0000										45	05.08.2026	1				0				000000000000000000	1004								0		0	00000000	
ROW6|700	003004342761	0001	E		000	00000000					000000	0000		0	45	0	0	TO	TO	000000000015000177	0	0					000000000000	0.0	X	0.0		X			1004	FNWL	1	1	0			FG01			1004	40	ZPFG	05.08.2026	05.08.2026	1					0.00		9004901586			1008		000000000000000000		0000000000	0000	0000000000	0000										45	05.08.2026	1				0				000000000000000000	1004								0		0	00000000	
ROW7|700	003004342762	0001	E		000	00000000					000000	0000		0	42	42	0	TO	TO	000000000015000177	0	0			05.08.2026		000000000000	0.0	X	0.0		X			1004	FNWL	1	1	0	X		FG01			1004	40	ZPFG	05.08.2026	05.08.2026	1					117,206.46		9004901587			1008		000000000000000000		0000000000	0000	0000000000	0000										42	05.08.2026	1				0				000000000000000000	1004								0		0	00000000	
ROW8|700	003004342763	0001	E		000	00000000					000000	0000		0	45	42	0	TO	TO	000000000015000177	0	0			05.08.2026		000000000000	0.0	X	0.0		X			1004	FNWL	1	1	0			FG01			1004	40	ZPFG	05.08.2026	05.08.2026	1					117,206.46		9004901588			1008		000000000000000000		0000000000	0000	0000000000	0000										45	05.08.2026	1				0				000000000000000000	1004								0		0	00000000	
ROW9|700	003004342764	0001	E		000	00000000					000000	0000		0	45	45	0	TO	TO	000000000015000177	0	0			05.08.2026		000000000000	0.0	X	0.0		X			1004	FNWL	1	1	0	X		FG01			1004	40	ZPFG	05.08.2026	05.08.2026	1					125,578.35		9004901589			1008		000000000000000000		0000000000	0000	0000000000	0000										45	05.08.2026	1				0				000000000000000000	1004								0		0	00000000	
ROW10|700	003004342765	0001	E		000	00000000					000000	0000		0	50	50	0	TO	TO	000000000015000177	0	0			05.08.2026		000000000000	0.0	X	0.0		X			1004	FNWL	1	1	0	X		FG01			1004	40	ZPFG	05.08.2026	05.08.2026	1					139,531.50		9004901590			1008		000000000000000000		0000000000	0000	0000000000	0000										50	05.08.2026	1				0				000000000000000000	1004								0		0	00000000	
ROW11|700	003004342781	0001	E		000	00000000					000000	0000		0	1	42	0	TO	TO	000000000015000177	0	0			05.08.2026		000000000000	0.0	X	0.0		X			1003	FRNC	1	1	0	X		FG01			1003	40	ZPFG	05.08.2026	05.08.2026	1					129,002.16		9004901629			1008		000000000000000000		0000000000	0000	0000000000	0000										1	05.08.2026	1				0				000000000000000000	1003								0		0	00000000	
ROW12|700	003004342783	0001	E		000	00000000					000000	0000		0	1	44	0	TO	TO	000000000015000177	0	0			05.08.2026		000000000000	0.0	X	0.0		X			1003	FRNC	1	1	0	X		FG01			1003	40	ZPFG	05.08.2026	05.08.2026	1					135,145.12		9004901634			1008		000000000000000000		0000000000	0000	0000000000	0000										1	05.08.2026	1				0				000000000000000000	1003								0		0	00000000	
ROW13|700	003004342787	0001	E		000	00000000					000000	0000		0	42	42	0	TO	TO	000000000015000177	0	0			05.08.2026		000000000000	0.0	X	0.0		X			1004	FNWL	1	1	0	X		FG01			1004	40	ZPFG	05.08.2026	05.08.2026	1					117,206.46		9004901650			1008		000000000000000000		0000000000	0000	0000000000	0000										42	05.08.2026	1				0				000000000000000000	1004								0		0	00000000	
ROW14|700	003004342788	0001	E		000	00000000					000000	0000		0	42	42	0	TO	TO	000000000015000177	0	0			05.08.2026		000000000000	0.0	X	0.0		X			1004	FNWL	1	1	0	X		FG01			1004	40	ZPFG	05.08.2026	05.08.2026	1					117,206.46		9004901652			1008		000000000000000000		0000000000	0000	0000000000	0000										42	05.08.2026	1				0				000000000000000000	1004								0		0	00000000	
ROW15|700	003004342789	0001	E		000	00000000					000000	0000		0	42	42	0	TO	TO	000000000015000177	0	0			05.08.2026		000000000000	0.0	X	0.0		X			1004	FNWL	1	1	0	X		FG01			1004	40	ZPFG	05.08.2026	05.08.2026	1					117,206.46		9004901653			1008		000000000000000000		0000000000	0000	0000000000	0000										42	05.08.2026	1				0				000000000000000000	1004								0		0	00000000	
ROW16|700	003004342799	0001	E		000	00000000					000000	0000		0	45	45	0	TO	TO	000000000015000177	0	0			05.08.2026		000000000000	0.0	X	0.0		X			1004	FNWL	1	1	0	X		FG01			1004	40	ZPFG	05.08.2026	05.08.2026	1					125,578.35		9004901671			1008		000000000000000000		0000000000	0000	0000000000	0000										45	05.08.2026	1				0				000000000000000000	1004								0		0	00000000	
ROW17|700	003004342800	0001	E		000	00000000					000000	0000		0	45	45	0	TO	TO	000000000015000177	0	0			05.08.2026		000000000000	0.0	X	0.0		X			1004	FNWL	1	1	0	X		FG01			1004	40	ZPFG	05.08.2026	05.08.2026	1					125,578.35		9004901672			1008		000000000000000000		0000000000	0000	0000000000	0000										45	05.08.2026	1				0				000000000000000000	1004								0		0	00000000	
ROW18|700	003004342805	0001	E		000	00000000					000000	0000		0	20	0	0	TO	TO	000000000015000177	0	0					000000000000	0.0	X	0.0		X			1007	FRGU	1	1	0			FG01			1007	40	ZPFG	05.08.2026	05.08.2026	1					0.00		9004901679			1005		000000000000000000		0000000000	0000	0000000000	0000										20	05.08.2026	1				0				000000000000000000	1007								0		0	00000000	
ROW19|700	003004342806	0001	E		000	00000000					000000	0000		0	20	0	0	TO	TO	000000000015000177	0	0					000000000000	0.0	X	0.0		X			1007	FRGU	1	1	0			FG01			1007	40	ZPFG	05.08.2026	05.08.2026	1					0.00		9004901680			1005		000000000000000000		0000000000	0000	0000000000	0000										20	05.08.2026	1				0				000000000000000000	1007								0		0	00000000	
ROW20|700	003004342854	0001	E		000	00000000					000000	0000		0	42	20	0	TO	TO	000000000015000177	0	0			05.08.2026		000000000000	0.0	X	0.0		X			1010	FUPG	1	1	0			FG01			1010	40	ZPFG	05.08.2026	05.08.2026	1					72,718.20		9004901758			1009		000000000000000000		0000000000	0000	0000000000	0000										42	05.08.2026	1				0				000000000000000000	1010								0		0	00000000	
ROW21|700	003004342855	0001	E		000	00000000					000000	0000		0	42	30	0	TO	TO	000000000015000177	0	0			05.08.2026		000000000000	0.0	X	0.0		X			1010	FUPG	1	1	0			FG01			1010	40	ZPFG	05.08.2026	05.08.2026	1					109,077.30		9004901760			1009		000000000000000000		0000000000	0000	0000000000	0000										42	05.08.2026	1				0				000000000000000000	1010								0		0	00000000	
ROW22|700	003004342856	0001	E		000	00000000					000000	0000		0	42	42	0	TO	TO	000000000015000177	0	0			05.08.2026		000000000000	0.0	X	0.0		X			1010	FUPG	1	1	0	X		FG01			1010	40	ZPFG	05.08.2026	05.08.2026	1					152,708.22		9004901761			1009		000000000000000000		0000000000	0000	0000000000	0000										42	05.08.2026	1				0				000000000000000000	1010								0		0	00000000	
ROW23|700	003004342858	0001	E		000	00000000					000000	0000		0	43	30	0	TO	TO	000000000015000177	0	0			05.08.2026		000000000000	0.0	X	0.0		X			1010	FUPG	1	1	0			FG01			1010	40	ZPFG	05.08.2026	05.08.2026	1					109,077.30		9004901763			1009		000000000000000000		0000000000	0000	0000000000	0000										43	05.08.2026	1				0				000000000000000000	1010								0		0	00000000	
ROW24|700	003004342860	0001	E		000	00000000					000000	0000		0	43	40	0	TO	TO	000000000015000177	0	0			05.08.2026		000000000000	0.0	X	0.0		X			1010	FUPG	1	1	0			FG01			1010	40	ZPFG	05.08.2026	05.08.2026	1					145,436.40		9004901766			1009		000000000000000000		0000000000	0000	0000000000	0000										43	05.08.2026	1				0				000000000000000000	1010								0		0	00000000	
ROW25|700	003004342864	0001	E		000	00000000					000000	0000		0	43	0	0	TO	TO	000000000015000177	0	0					000000000000	0.0	X	0.0		X			1010	FUPG	1	1	0			FG01			1010	40	ZPFG	05.08.2026	05.08.2026	1					0.00		9004901773			1009		000000000000000000		0000000000	0000	0000000000	0000										43	05.08.2026	1				0				000000000000000000	1010								0		0	00000000	
ROW26|700	003004342886	0001	E		000	00000000					000000	0000		0	20	20	0	TO	TO	000000000015000177	0	0			05.08.2026		000000000000	0.0	X	0.0		X			1304	FEGU	1	1	0	X		FG01			1304	40	ZPFG	05.08.2026	05.08.2026	1					85,467.60		9004901834			1309		000000000000000000		0000000000	0000	0000000000	0000										20	05.08.2026	1				0				000000000000000000	1304								0		0	00000000	
ROW27|700	003004342887	0001	E		000	00000000					000000	0000		0	20	20	0	TO	TO	000000000015000177	0	0			05.08.2026		000000000000	0.0	X	0.0		X			1304	FEGU	1	1	0	X		FG01			1304	40	ZPFG	05.08.2026	05.08.2026	1					85,467.60		9004901836			1309		000000000000000000		0000000000	0000	0000000000	0000										20	05.08.2026	1				0				000000000000000000	1304								0		0	00000000	
ROW28|700	003004342897	0001	E		000	00000000					000000	0000		0	45	45	0	TO	TO	000000000015000177	0	0			05.08.2026		000000000000	0.0	X	0.0		X			1004	FNWL	1	1	0	X		FG01			1004	40	ZPFG	05.08.2026	05.08.2026	1					125,578.35		9004901881			1008		000000000000000000		0000000000	0000	0000000000	0000										45	05.08.2026	1				0				000000000000000000	1004								0		0	00000000	
ROW29|700	003004342898	0001	E		000	00000000					000000	0000		0	38	40	0	TO	TO	000000000015000177	0	0			05.08.2026		000000000000	0.0	X	0.0		X			1004	FNWL	1	1	0	X		FG01			1004	40	ZPFG	05.08.2026	05.08.2026	1					111,625.20		9004901883			1008		000000000000000000		0000000000	0000	0000000000	0000										38	05.08.2026	1				0				000000000000000000	1004								0		0	00000000	
ROW30|700	003004342900	0001	E		000	00000000					000000	0000		0	40	40	0	TO	TO	000000000015000177	0	0			05.08.2026		000000000000	0.0	X	0.0		X			1004	FNWL	1	1	0	X		FG01			1004	40	ZPFG	05.08.2026	05.08.2026	1					111,625.20		9004901885			1008		000000000000000000		0000000000	0000	0000000000	0000										40	05.08.2026	1				0				000000000000000000	1004								0		0	00000000	
ROW31|700	003004342901	0001	E		000	00000000					000000	0000		0	40	40	0	TO	TO	000000000015000177	0	0			05.08.2026		000000000000	0.0	X	0.0		X			1004	FNWL	1	1	0	X		FG01			1004	40	ZPFG	05.08.2026	05.08.2026	1					111,625.20		9004901889			1008		000000000000000000		0000000000	0000	0000000000	0000										40	05.08.2026	1				0				000000000000000000	1004								0		0	00000000	
ROW32|700	003004342907	0001	E		000	00000000					000000	0000		0	45	45	0	TO	TO	000000000015000177	0	0			05.08.2026		000000000000	0.0	X	0.0		X			1014	FJWN	1	1	0	X		FG01			1014	40	ZPFG	05.08.2026	05.08.2026	1					139,625.10		9004901901			1008		000000000000000000		0000000000	0000	0000000000	0000										45	05.08.2026	1				0				000000000000000000	1014								0		0	00000000	
ROW33|700	003004342908	0001	E		000	00000000					000000	0000		0	45	45	0	TO	TO	000000000015000177	0	0			05.08.2026		000000000000	0.0	X	0.0		X			1014	FJWN	1	1	0	X		FG01			1014	40	ZPFG	05.08.2026	05.08.2026	1					139,625.10		9004901902			1008		000000000000000000		0000000000	0000	0000000000	0000										45	05.08.2026	1				0				000000000000000000	1014								0		0	00000000	
ROW34|700	003004342910	0001	E		000	00000000					000000	0000		0	45	45	0	TO	TO	000000000015000177	0	0			05.08.2026		000000000000	0.0	X	0.0		X			1014	FJWN	1	1	0	X		FG01			1014	40	ZPFG	05.08.2026	05.08.2026	1					139,625.10		9004901908			1008		000000000000000000		0000000000	0000	0000000000	0000										45	05.08.2026	1				0				000000000000000000	1014								0		0	00000000	
ROW35|700	003004342916	0001	E		000	00000000					000000	0000		0	50	50	0	TO	TO	000000000015000177	0	0			05.08.2026		000000000000	0.0	X	0.0		X			1009	FBCU	1	1	0	X		FG01			1009	40	ZPFG	05.08.2026	05.08.2026	1					184,247.00		9004901924			1008		000000000000000000		0000000000	0000	0000000000	0000										50	05.08.2026	1				0				000000000000000000	1009								0		0	00000000	
ROW36|700	003004343023	0001	E		000	00000000					000000	0000		0	38	38	0	TO	TO	000000000015000177	0	0			05.08.2026		000000000000	0.0	X	0.0		X			1006	FJGU	1	1	0	X		FG01			1006	40	ZPFG	05.08.2026	05.08.2026	1					136,369.46		9004902184			1008		000000000000000000		0000000000	0000	0000000000	0000										38	05.08.2026	1				0				000000000000000000	1006								0		0	00000000	
ROW37|700	003004343024	0001	E		000	00000000					000000	0000		0	43	40	0	TO	TO	000000000015000177	0	0			05.08.2026		000000000000	0.0	X	0.0		X			1006	FJGU	1	1	0			FG01			1006	40	ZPFG	05.08.2026	05.08.2026	1					143,546.80		9004902186			1008		000000000000000000		0000000000	0000	0000000000	0000										43	05.08.2026	1				0				000000000000000000	1006								0		0	00000000	
ROW38|700	003004343056	0001	E		000	00000000					000000	0000		0	42	42	0	TO	TO	000000000015000177	0	0			05.08.2026		000000000000	0.0	X	0.0		X			1000	FBWR	1	1	0	X		FG01			1000	40	ZPFG	05.08.2026	05.08.2026	1					138,736.50		9004902249			1008		000000000000000000		0000000000	0000	0000000000	0000										42	05.08.2026	1				0				000000000000000000	1000								0		0	00000000	
ROW39|700	003004343057	0001	E		000	00000000					000000	0000		0	40	40	0	TO	TO	000000000015000177	0	0			05.08.2026		000000000000	0.0	X	0.0		X			1004	FNWL	1	1	0	X		FG01			1004	40	ZPFG	05.08.2026	05.08.2026	1					111,625.20		9004902251			1008		000000000000000000		0000000000	0000	0000000000	0000										40	05.08.2026	1				0				000000000000000000	1004								0		0	00000000	
ROW40|700	003004343062	0001	E		000	00000000					000000	0000		0	50	45	0	TO	TO	000000000015000177	0	0			05.08.2026		000000000000	0.0	X	0.0		X			1004	FNWL	1	1	0			FG01			1004	40	ZPFG	05.08.2026	05.08.2026	1					125,578.35		9004902257			1008		000000000000000000		0000000000	0000	0000000000	0000										50	05.08.2026	1				0				000000000000000000	1004								0		0	00000000	
ROW41|700	003004343063	0001	E		000	00000000					000000	0000		0	50	45	0	TO	TO	000000000015000177	0	0			05.08.2026		000000000000	0.0	X	0.0		X			1004	FNWL	1	1	0			FG01			1004	40	ZPFG	05.08.2026	05.08.2026	1					125,578.35		9004902259			1008		000000000000000000		0000000000	0000	0000000000	0000										50	05.08.2026	1				0				000000000000000000	1004								0		0	00000000	
ROW42|700	003004343064	0001	E		000	00000000					000000	0000		0	50	50	0	TO	TO	000000000015000177	0	0			05.08.2026		000000000000	0.0	X	0.0		X			1004	FNWL	1	1	0	X		FG01			1004	40	ZPFG	05.08.2026	05.08.2026	1					139,531.50		9004902261			1008		000000000000000000		0000000000	0000	0000000000	0000										50	05.08.2026	1				0				000000000000000000	1004								0		0	00000000	
ROW43|700	003004343066	0001	E		000	00000000					000000	0000		0	45	45	0	TO	TO	000000000015000177	0	0			05.08.2026		000000000000	0.0	X	0.0		X			1014	FJWN	1	1	0	X		FG01			1014	40	ZPFG	05.08.2026	05.08.2026	1					139,625.10		9004902265			1008		000000000000000000		0000000000	0000	0000000000	0000										45	05.08.2026	1				0				000000000000000000	1014								0		0	00000000	
ROW44|700	003004343071	0001	E		000	00000000					000000	0000		0	42	45	0	TO	TO	000000000015000177	0	0			05.08.2026		000000000000	0.0	X	0.0		X			1014	FJWN	1	1	0	X		FG01			1014	40	ZPFG	05.08.2026	05.08.2026	1					139,625.10		9004902275			1008		000000000000000000		0000000000	0000	0000000000	0000										42	05.08.2026	1				0				000000000000000000	1014								0		0	00000000	
ROW45|700	003004343080	0001	E		000	00000000					000000	0000		0	42	0	0	TO	TO	000000000015000177	0	0					000000000000	0.0	X	0.0		X			1004	FNWL	1	1	0			FG01			1004	40	ZPFG	05.08.2026	05.08.2026	1					0.00		9004902308			1008		000000000000000000		0000000000	0000	0000000000	0000										42	05.08.2026	1				0				000000000000000000	1004								0		0	00000000	
ROW46|700	003004343082	0001	E		000	00000000					000000	0000		0	42	0	0	TO	TO	000000000015000177	0	0					000000000000	0.0	X	0.0		X			1004	FNWL	1	1	0			FG01			1004	40	ZPFG	05.08.2026	05.08.2026	1					0.00		9004902310			1008		000000000000000000		0000000000	0000	0000000000	0000										42	05.08.2026	1				0				000000000000000000	1004								0		0	00000000	
ROW47|700	003004343085	0001	E		000	00000000					000000	0000		0	10	10	0	TO	TO	000000000015000177	0	0			05.08.2026		000000000000	0.0	X	0.0		X			1004	FNWL	1	1	0	X		FG01			1004	40	ZPFG	05.08.2026	05.08.2026	1					27,906.30		9004902316			1008		000000000000000000		0000000000	0000	0000000000	0000										10	05.08.2026	1				0				000000000000000000	1004								0		0	00000000	
ROW48|700	003004343086	0001	E		000	00000000					000000	0000		0	45	0	0	TO	TO	000000000015000177	0	0					000000000000	0.0	X	0.0		X			1006	FJGU	1	1	0			FG01			1006	40	ZPFG	05.08.2026	05.08.2026	1					0.00		9004902318			1008		000000000000000000		0000000000	0000	0000000000	0000										45	05.08.2026	1				0				000000000000000000	1006								0		0	00000000	
ROW49|700	003004343180	0001	E		000	00000000					000000	0000		0	45	45	0	TO	TO	000000000015000177	0	0			05.08.2026		000000000000	0.0	X	0.0		X			1003	FRNC	1	1	0	X		FG01			1003	40	ZPFG	05.08.2026	05.08.2026	1					138,216.60		9004902461			1008		000000000000000000		0000000000	0000	0000000000	0000										45	05.08.2026	1				0				000000000000000000	1003								0		0	00000000	
ROW50|700	003004343227	0001	E		000	00000000					000000	0000		0	35	0	0	TO	TO	000000000015000177	0	0					000000000000	0.0	X	0.0		X			1046	FNRC	1	1	0			FG01			1046	40	ZPFG	05.08.2026	05.08.2026	1					0.00		9004902530			1022		000000000000000000		0000000000	0000	0000000000	0000										35	05.08.2026	1				0				000000000000000000	1046								0		0	00000000	
ROW51|700	003004343255	0001	E		000	00000000					000000	0000		0	40	20	0	TO	TO	000000000015000177	0	0			05.08.2026		000000000000	0.0	X	0.0		X			1304	FEGU	1	1	0			FG01			1304	40	ZPFG	05.08.2026	05.08.2026	1					85,467.60		9004902573			1309		000000000000000000		0000000000	0000	0000000000	0000										40	05.08.2026	1				0				000000000000000000	1304								0		0	00000000	
ROW52|700	003004343277	0001	E		000	00000000					000000	0000		0	35	35	0	TO	TO	000000000015000177	0	0			05.08.2026		000000000000	0.0	X	0.0		X			1046	FNRC	1	1	0	X		FG01			1046	40	ZPFG	05.08.2026	05.08.2026	1					97,008.80		9004902613			1022		000000000000000000		0000000000	0000	0000000000	0000										35	05.08.2026	1				0				000000000000000000	1046								0		0	00000000	
ROW53|700	003004343294	0001	E		000	00000000					000000	0000		0	40	40	0	TO	TO	000000000015000177	0	0			05.08.2026		000000000000	0.0	X	0.0		X			1004	FNWL	1	1	0	X		FG01			1004	40	ZPFG	05.08.2026	05.08.2026	1					111,625.20		9004902632			1008		000000000000000000		0000000000	0000	0000000000	0000										40	05.08.2026	1				0				000000000000000000	1004								0		0	00000000	
ROW54|700	003004343329	0001	E		000	00000000					000000	0000		0	36	36	0	TO	TO	000000000015000177	0	0			05.08.2026		000000000000	0.0	X	0.0		X			1304	FEGU	1	1	0	X		FG01			1304	40	ZPFG	05.08.2026	05.08.2026	1					153,841.68		9004902682			1309		000000000000000000		0000000000	0000	0000000000	0000										36	05.08.2026	1				0				000000000000000000	1304								0		0	00000000	
ROW55|700	003004343330	0001	E		000	00000000					000000	0000		0	36	36	0	TO	TO	000000000015000177	0	0			05.08.2026		000000000000	0.0	X	0.0		X			1304	FEGU	1	1	0	X		FG01			1304	40	ZPFG	05.08.2026	05.08.2026	1					153,841.68		9004902683			1309		000000000000000000		0000000000	0000	0000000000	0000										36	05.08.2026	1				0				000000000000000000	1304								0		0	00000000	
ROW56|700	003004343332	0001	E		000	00000000					000000	0000		0	4	4	0	TO	TO	000000000015000177	0	0			05.08.2026		000000000000	0.0	X	0.0		X			1304	FEGU	1	1	0	X		FG01			1304	40	ZPFG	05.08.2026	05.08.2026	1					17,093.52		9004902687			1309		000000000000000000		0000000000	0000	0000000000	0000										4	05.08.2026	1				0				000000000000000000	1304								0		0	00000000	
ROW57|700	003004343333	0001	E		000	00000000					000000	0000		0	3	3	0	TO	TO	000000000015000177	0	0			05.08.2026		000000000000	0.0	X	0.0		X			1304	FEGU	1	1	0	X		FG01			1304	40	ZPFG	05.08.2026	05.08.2026	1					12,820.14		9004902688			1309		000000000000000000		0000000000	0000	0000000000	0000										3	05.08.2026	1				0				000000000000000000	1304								0		0	00000000	
ROW58|700	003004343349	0001	E		000	00000000					000000	0000		0	42	42	0	TO	TO	000000000015000177	0	0			05.08.2026		000000000000	0.0	X	0.0		X			1304	FEGU	1	1	0	X		FG01			1304	40	ZPFG	05.08.2026	05.08.2026	1					179,481.96		9004902714			1309		000000000000000000		0000000000	0000	0000000000	0000										42	05.08.2026	1				0				000000000000000000	1304								0		0	00000000	
ROW59|700	003004343351	0001	E		000	00000000					000000	0000		0	36	36	0	TO	TO	000000000015000177	0	0			05.08.2026		000000000000	0.0	X	0.0		X			1304	FEGU	1	1	0	X		FG01			1304	40	ZPFG	05.08.2026	05.08.2026	1					153,841.68		9004902716			1309		000000000000000000		0000000000	0000	0000000000	0000										36	05.08.2026	1				0				000000000000000000	1304								0		0	00000000	
ROW60|700	003004343354	0001	E		000	00000000					000000	0000		0	8	8	0	TO	TO	000000000015000177	0	0			05.08.2026		000000000000	0.0	X	0.0		X			1304	FEGU	1	1	0	X		FG01			1304	40	ZPFG	05.08.2026	05.08.2026	1					34,187.04		9004902720			1309		000000000000000000		0000000000	0000	0000000000	0000										8	05.08.2026	1				0				000000000000000000	1304								0		0	00000000	
ROW61|700	003004343355	0001	E		000	00000000					000000	0000		0	3.950	3.950	0	TO	TO	000000000015000177	0	0			05.08.2026		000000000000	0.0	X	0.0		X			1304	FEGU	1	1	0	X		FG01			1304	40	ZPFG	05.08.2026	05.08.2026	1					16,879.85		9004902721			1309		000000000000000000		0000000000	0000	0000000000	0000										3.950	05.08.2026	1				0				000000000000000000	1304								0		0	00000000	
ROW62|700	003004343406	0001	E		000	00000000					000000	0000		0	42	42	0	TO	TO	000000000015000177	0	0			05.08.2026		000000000000	0.0	X	0.0		X			1014	FJWN	1	1	0	X		FG01			1014	40	ZPFG	05.08.2026	05.08.2026	1					130,316.76		9004902796			1008		000000000000000000		0000000000	0000	0000000000	0000										42	05.08.2026	1				0				000000000000000000	1014								0		0	00000000	
ROW63|700	003004343414	0001	E		000	00000000					000000	0000		0	45	0	0	TO	TO	000000000015000177	0	0					000000000000	0.0	X	0.0		X			1014	FJWN	1	1	0			FG01			1014	40	ZPFG	05.08.2026	05.08.2026	1					0.00		9004902804			1008		000000000000000000		0000000000	0000	0000000000	0000										45	05.08.2026	1				0				000000000000000000	1014								0		0	00000000	
ROW64|700	003004343453	0001	E		000	00000000					000000	0000		0	20	20	0	TO	TO	000000000015000177	0	0			05.08.2026		000000000000	0.0	X	0.0		X			1304	FEGU	1	1	0	X		FG01			1304	40	ZPFG	05.08.2026	05.08.2026	1					85,467.60		9004902882			1309		000000000000000000		0000000000	0000	0000000000	0000										20	05.08.2026	1				0				000000000000000000	1304								0		0	00000000	
ROW65|700	003004343465	0001	E		000	00000000					000000	0000		0	35	0	0	TO	TO	000000000015000177	0	0					000000000000	0.0	X	0.0		X			1046	FNRC	1	1	0			FG01			1046	40	ZPFG	05.08.2026	05.08.2026	1					0.00		9004902918			1022		000000000000000000		0000000000	0000	0000000000	0000										35	05.08.2026	1				0				000000000000000000	1046								0		0	00000000	
ROW66|700	003004343466	0001	E		000	00000000					000000	0000		0	35	0	0	TO	TO	000000000015000177	0	0					000000000000	0.0	X	0.0		X			1046	FNRC	1	1	0			FG01			1046	40	ZPFG	05.08.2026	05.08.2026	1					0.00		9004902919			1022		000000000000000000		0000000000	0000	0000000000	0000										35	05.08.2026	1				0				000000000000000000	1046								0		0	00000000	
ROW67|700	003004343467	0001	E		000	00000000					000000	0000		0	42	42	0	TO	TO	000000000015000177	0	0			05.08.2026		000000000000	0.0	X	0.0		X			1304	FEGU	1	1	0	X		FG01			1304	40	ZPFG	05.08.2026	05.08.2026	1					179,481.96		9004902921			1309		000000000000000000		0000000000	0000	0000000000	0000										42	05.08.2026	1				0				000000000000000000	1304								0		0	00000000	
ROW68|700	003004343468	0001	E		000	00000000					000000	0000		0	8	8	0	TO	TO	000000000015000177	0	0			05.08.2026		000000000000	0.0	X	0.0		X			1304	FEGU	1	1	0	X		FG01			1304	40	ZPFG	05.08.2026	05.08.2026	1					34,187.04		9004902924			1309		000000000000000000		0000000000	0000	0000000000	0000										8	05.08.2026	1				0				000000000000000000	1304								0		0	00000000	
ROW69|700	003004343559	0001	E		000	00000000					000000	0000		0	45	45	0	TO	TO	000000000015000177	0	0			05.08.2026		000000000000	0.0	X	0.0		X			1003	FRNC	1	1	0	X		FG01			1003	40	ZPFG	05.08.2026	05.08.2026	1					138,216.60		9004903112			1008		000000000000000000		0000000000	0000	0000000000	0000										45	05.08.2026	1				0				000000000000000000	1003								0		0	00000000	
ROW70|700	003004343561	0001	E		000	00000000					000000	0000		0	45	45	0	TO	TO	000000000015000177	0	0			05.08.2026		000000000000	0.0	X	0.0		X			1003	FRNC	1	1	0	X		FG01			1003	40	ZPFG	05.08.2026	05.08.2026	1					138,216.60		9004903114			1008		000000000000000000		0000000000	0000	0000000000	0000										45	05.08.2026	1				0				000000000000000000	1003								0		0	00000000	
ROW71|700	003004343593	0001	E		000	00000000					000000	0000		0	40	40	0	TO	TO	000000000015000177	0	0			05.08.2026		000000000000	0.0	X	0.0		X			1004	FNWL	1	1	0	X		FG01			1004	40	ZPFG	05.08.2026	05.08.2026	1					111,625.20		9004903155			1008		000000000000000000		0000000000	0000	0000000000	0000										40	05.08.2026	1				0				000000000000000000	1004								0		0	00000000	
ROW72|700	003004343620	0001	E		000	00000000					000000	0000		0	45	45	0	TO	TO	000000000015000177	0	0			05.08.2026		000000000000	0.0	X	0.0		X			1004	FNWL	1	1	0	X		FG01			1004	40	ZPFG	05.08.2026	05.08.2026	1					125,578.35		9004903197			1008		000000000000000000		0000000000	0000	0000000000	0000										45	05.08.2026	1				0				000000000000000000	1004								0		0	00000000	
ROW73|700	003004343632	0001	E		000	00000000					000000	0000		0	50	50	0	TO	TO	000000000015000177	0	0			05.08.2026		000000000000	0.0	X	0.0		X			1004	FNWL	1	1	0	X		FG01			1004	40	ZPFG	05.08.2026	05.08.2026	1					139,531.50		9004903217			1008		000000000000000000		0000000000	0000	0000000000	0000										50	05.08.2026	1				0				000000000000000000	1004								0		0	00000000	
ROW74|700	003004343675	0001	E		000	00000000					000000	0000		0	42	42	0	TO	TO	000000000015000177	0	0			05.08.2026		000000000000	0.0	X	0.0		X			1000	FBWR	1	1	0	X		FG01			1000	40	ZPFG	05.08.2026	05.08.2026	1					138,736.50		9004903288			1008		000000000000000000		0000000000	0000	0000000000	0000										42	05.08.2026	1				0				000000000000000000	1000								0		0	00000000	
ROW75|700	003004343739	0001	E		000	00000000					000000	0000		0	42	0	0	TO	TO	000000000015000177	0	0					000000000000	0.0	X	0.0		X			1004	FNWL	1	1	0			FG01			1004	40	ZPFG	05.08.2026	05.08.2026	1					0.00		9004903453			1008		000000000000000000		0000000000	0000	0000000000	0000										42	05.08.2026	1				0				000000000000000000	1004								0		0	00000000	
ROW76|700	003004343743	0001	E		000	00000000					000000	0000		0	42	0	0	TO	TO	000000000015000177	0	0					000000000000	0.0	X	0.0		X			1004	FNWL	1	1	0			FG01			1004	40	ZPFG	05.08.2026	05.08.2026	1					0.00		9004903459			1008		000000000000000000		0000000000	0000	0000000000	0000										42	05.08.2026	1				0				000000000000000000	1004								0		0	00000000	
ROW77|700	003004343770	0001	E		000	00000000					000000	0000		0	42	43.500	0	TO	TO	000000000015000177	0	0			05.08.2026		000000000000	0.0	X	0.0		X			1003	FRNC	1	1	0	X		FG01			1003	40	ZPFG	05.08.2026	05.08.2026	1					133,609.38		9004903543			1008		000000000000000000		0000000000	0000	0000000000	0000										42	05.08.2026	1				0				000000000000000000	1003								0		0	00000000	
ROW78|700	003004343772	0001	E		000	00000000					000000	0000		0	42	43.500	0	TO	TO	000000000015000177	0	0			05.08.2026		000000000000	0.0	X	0.0		X			1003	FRNC	1	1	0	X		FG01			1003	40	ZPFG	05.08.2026	05.08.2026	1					133,609.38		9004903546			1008		000000000000000000		0000000000	0000	0000000000	0000										42	05.08.2026	1				0				000000000000000000	1003								0		0	00000000	
ROW79|700	003004343790	0001	E		000	00000000					000000	0000		0	42	42	0	TO	TO	000000000015000177	0	0			05.08.2026		000000000000	0.0	X	0.0		X			1003	FRNC	1	1	0	X		FG01			1003	40	ZPFG	05.08.2026	05.08.2026	1					129,002.16		9004903576			1008		000000000000000000		0000000000	0000	0000000000	0000										42	05.08.2026	1				0				000000000000000000	1003								0		0	00000000	
ROW80|700	003004343797	0001	E		000	00000000					000000	0000		0	35	35	0	TO	TO	000000000015000177	0	0			05.08.2026		000000000000	0.0	X	0.0		X			1304	FEGU	1	1	0	X		FG01			1304	40	ZPFG	05.08.2026	05.08.2026	1					149,568.30		9004903595			1309		000000000000000000		0000000000	0000	0000000000	0000										35	05.08.2026	1				0				000000000000000000	1304								0		0	00000000	
ROW81|700	003004343813	0001	E		000	00000000					000000	0000		0	42	43	0	TO	TO	000000000015000177	0	0			05.08.2026		000000000000	0.0	X	0.0		X			1003	FRNC	1	1	0	X		FG01			1003	40	ZPFG	05.08.2026	05.08.2026	1					132,073.64		9004903626			1008		000000000000000000		0000000000	0000	0000000000	0000										42	05.08.2026	1				0				000000000000000000	1003								0		0	00000000	
ROW82|700	003004343814	0001	E		000	00000000					000000	0000		0	42	42	0	TO	TO	000000000015000177	0	0			05.08.2026		000000000000	0.0	X	0.0		X			1003	FRNC	1	1	0	X		FG01			1003	40	ZPFG	05.08.2026	05.08.2026	1					129,002.16		9004903628			1008		000000000000000000		0000000000	0000	0000000000	0000										42	05.08.2026	1				0				000000000000000000	1003								0		0	00000000	
ROW83|700	003004343815	0001	E		000	00000000					000000	0000		0	41	43	0	TO	TO	000000000015000177	0	0			05.08.2026		000000000000	0.0	X	0.0		X			1003	FRNC	1	1	0	X		FG01			1003	40	ZPFG	05.08.2026	05.08.2026	1					132,073.64		9004903629			1008		000000000000000000		0000000000	0000	0000000000	0000										41	05.08.2026	1				0				000000000000000000	1003								0		0	00000000	
ROW84|700	003004343816	0001	E		000	00000000					000000	0000		0	41	43	0	TO	TO	000000000015000177	0	0			05.08.2026		000000000000	0.0	X	0.0		X			1003	FRNC	1	1	0	X		FG01			1003	40	ZPFG	05.08.2026	05.08.2026	1					132,073.64		9004903630			1008		000000000000000000		0000000000	0000	0000000000	0000										41	05.08.2026	1				0				000000000000000000	1003								0		0	00000000	
ROW85|700	003004343818	0001	E		000	00000000					000000	0000		0	45	40	0	TO	TO	000000000015000177	0	0			05.08.2026		000000000000	0.0	X	0.0		X			1006	FJGU	1	1	0			FG01			1006	40	ZPFG	05.08.2026	05.08.2026	1					143,546.80		9004903634			1008		000000000000000000		0000000000	0000	0000000000	0000										45	05.08.2026	1				0				000000000000000000	1006								0		0	00000000	
ROW86|700	003004343819	0001	E		000	00000000					000000	0000		0	42	40	0	TO	TO	000000000015000177	0	0			05.08.2026		000000000000	0.0	X	0.0		X			1003	FRNC	1	1	0			FG01			1003	40	ZPFG	05.08.2026	05.08.2026	1					122,859.20		9004903635			1008		000000000000000000		0000000000	0000	0000000000	0000										42	05.08.2026	1				0				000000000000000000	1003								0		0	00000000	
ROW87|700	003004343820	0001	E		000	00000000					000000	0000		0	42	41.500	0	TO	TO	000000000015000177	0	0			05.08.2026		000000000000	0.0	X	0.0		X			1003	FRNC	1	1	0			FG01			1003	40	ZPFG	05.08.2026	05.08.2026	1					127,466.42		9004903636			1008		000000000000000000		0000000000	0000	0000000000	0000										42	05.08.2026	1				0				000000000000000000	1003								0		0	00000000	
ROW88|700	003004343836	0001	E		000	00000000					000000	0000		0	45	0	0	TO	TO	000000000015000177	0	0					000000000000	0.0	X	0.0		X			1004	FNWL	1	1	0			FG01			1004	40	ZPFG	05.08.2026	05.08.2026	1					0.00		9004903658			1008		000000000000000000		0000000000	0000	0000000000	0000										45	05.08.2026	1				0				000000000000000000	1004								0		0	00000000	
ROW89|700	003004343856	0001	E		000	00000000					000000	0000		0	0.500	0.500	0	TO	TO	000000000015000177	0	0			05.08.2026		000000000000	0.0	X	0.0		X			1000	FBWR	1	1	0	X		FG01			1000	40	ZPFG	05.08.2026	05.08.2026	1					1,651.63		9004903683			1008		000000000000000000		0000000000	0000	0000000000	0000										0.500	05.08.2026	1				0				000000000000000000	1000								0		0	00000000	
ROW90|700	003004343862	0001	E		000	00000000					000000	0000		0	45	45	0	TO	TO	000000000015000177	0	0			05.08.2026		000000000000	0.0	X	0.0		X			1010	FUPG	1	1	0	X		FG01			1010	40	ZPFG	05.08.2026	05.08.2026	1					163,615.95		9004903692			1009		000000000000000000		0000000000	0000	0000000000	0000										45	05.08.2026	1				0				000000000000000000	1010								0		0	00000000	
ROW91|700	003004343938	0001	E		000	00000000					000000	0000		0	35	0	0	TO	TO	000000000015000177	0	0					000000000000	0.0	X	0.0		X			1046	FNRC	1	1	0			FG01			1046	40	ZPFG	05.08.2026	05.08.2026	1					0.00		9004903839			1022		000000000000000000		0000000000	0000	0000000000	0000										35	05.08.2026	1				0				000000000000000000	1046								0		0	00000000	
ROW92|700	003004343939	0001	E		000	00000000					000000	0000		0	35	0	0	TO	TO	000000000015000177	0	0					000000000000	0.0	X	0.0		X			1046	FNRC	1	1	0			FG01			1046	40	ZPFG	05.08.2026	05.08.2026	1					0.00		9004903840			1022		000000000000000000		0000000000	0000	0000000000	0000										35	05.08.2026	1				0				000000000000000000	1046								0		0	00000000	
ROW93|700	003004344000	0001	E		000	00000000					000000	0000		0	40	40	0	TO	TO	000000000015000177	0	0			05.08.2026		000000000000	0.0	X	0.0		X			1004	FNWL	1	1	0	X		FG01			1004	40	ZPFG	05.08.2026	05.08.2026	1					111,625.20		9004903951			1008		000000000000000000		0000000000	0000	0000000000	0000										40	05.08.2026	1				0				000000000000000000	1004								0		0	00000000	
ROW94|700	003004344002	0001	E		000	00000000					000000	0000		0	43	43	0	TO	TO	000000000015000177	0	0			05.08.2026		000000000000	0.0	X	0.0		X			1003	FRNC	1	1	0	X		FG01			1003	40	ZPFG	05.08.2026	05.08.2026	1					132,073.64		9004903957			1008		000000000000000000		0000000000	0000	0000000000	0000										43	05.08.2026	1				0				000000000000000000	1003								0		0	00000000	
ROW95|700	003004344003	0001	E		000	00000000					000000	0000		0	43	43	0	TO	TO	000000000015000177	0	0			05.08.2026		000000000000	0.0	X	0.0		X			1003	FRNC	1	1	0	X		FG01			1003	40	ZPFG	05.08.2026	05.08.2026	1					132,073.64		9004903958			1008		000000000000000000		0000000000	0000	0000000000	0000										43	05.08.2026	1				0				000000000000000000	1003								0		0	00000000	
ROW96|700	003004344006	0001	E		000	00000000					000000	0000		0	42	0	0	TO	TO	000000000015000177	0	0					000000000000	0.0	X	0.0		X			1003	FRNC	1	1	0			FG01			1003	40	ZPFG	05.08.2026	05.08.2026	1					0.00		9004903961			1008		000000000000000000		0000000000	0000	0000000000	0000										42	05.08.2026	1				0				000000000000000000	1003								0		0	00000000	
ROW97|700	003004344024	0001	E		000	00000000					000000	0000		0	38	0	0	TO	TO	000000000015000177	0	0					000000000000	0.0	X	0.0		X			1004	FNWL	1	1	0			FG01			1004	40	ZPFG	05.08.2026	05.08.2026	1					0.00		9004903994			1008		000000000000000000		0000000000	0000	0000000000	0000										38	05.08.2026	1				0				000000000000000000	1004								0		0	00000000	
ROW98|700	003004344025	0001	E		000	00000000					000000	0000		0	40	0	0	TO	TO	000000000015000177	0	0					000000000000	0.0	X	0.0		X			1014	FJWN	1	1	0			FG01			1014	40	ZPFG	05.08.2026	05.08.2026	1					0.00		9004903995			1008		000000000000000000		0000000000	0000	0000000000	0000										40	05.08.2026	1				0				000000000000000000	1014								0		0	00000000	
ROW99|700	003004344026	0001	E		000	00000000					000000	0000		0	40	0	0	TO	TO	000000000015000177	0	0					000000000000	0.0	X	0.0		X			1014	FJWN	1	1	0			FG01			1014	40	ZPFG	05.08.2026	05.08.2026	1					0.00		9004903996			1008		000000000000000000		0000000000	0000	0000000000	0000										40	05.08.2026	1				0				000000000000000000	1014								0		0	00000000	
ROW100|700	003004344027	0001	E		000	00000000					000000	0000		0	40	0	0	TO	TO	000000000015000177	0	0					000000000000	0.0	X	0.0		X			1014	FJWN	1	1	0			FG01			1014	40	ZPFG	05.08.2026	05.08.2026	1					0.00		9004903997			1008		000000000000000000		0000000000	0000	0000000000	0000										40	05.08.2026	1				0				000000000000000000	1014								0		0	00000000	
ROW101|700	003004344030	0001	E		000	00000000					000000	0000		0	45	42	0	TO	TO	000000000015000177	0	0			05.08.2026		000000000000	0.0	X	0.0		X			1014	FJWN	1	1	0			FG01			1014	40	ZPFG	05.08.2026	05.08.2026	1					130,316.76		9004904000			1008		000000000000000000		0000000000	0000	0000000000	0000										45	05.08.2026	1				0				000000000000000000	1014								0		0	00000000	
ROW102|700	003004344031	0001	E		000	00000000					000000	0000		0	45	42	0	TO	TO	000000000015000177	0	0			05.08.2026		000000000000	0.0	X	0.0		X			1014	FJWN	1	1	0			FG01			1014	40	ZPFG	05.08.2026	05.08.2026	1					130,316.76		9004904001			1008		000000000000000000		0000000000	0000	0000000000	0000										45	05.08.2026	1				0				000000000000000000	1014								0		0	00000000	
ROW103|700	003004344032	0001	E		000	00000000					000000	0000		0	45	45	0	TO	TO	000000000015000177	0	0			05.08.2026		000000000000	0.0	X	0.0		X			1014	FJWN	1	1	0	X		FG01			1014	40	ZPFG	05.08.2026	05.08.2026	1					139,625.10		9004904002			1008		000000000000000000		0000000000	0000	0000000000	0000										45	05.08.2026	1				0				000000000000000000	1014								0		0	00000000	
ROW104|700	003004344033	0001	E		000	00000000					000000	0000		0	45	42	0	TO	TO	000000000015000177	0	0			05.08.2026		000000000000	0.0	X	0.0		X			1014	FJWN	1	1	0			FG01			1014	40	ZPFG	05.08.2026	05.08.2026	1					130,316.76		9004904003			1008		000000000000000000		0000000000	0000	0000000000	0000										45	05.08.2026	1				0				000000000000000000	1014								0		0	00000000	
ROW105|700	003004344037	0001	E		000	00000000					000000	0000		0	42	42	0	TO	TO	000000000015000177	0	0			05.08.2026		000000000000	0.0	X	0.0		X			1014	FJWN	1	1	0	X		FG01			1014	40	ZPFG	05.08.2026	05.08.2026	1					130,316.76		9004904007			1008		000000000000000000		0000000000	0000	0000000000	0000										42	05.08.2026	1				0				000000000000000000	1014								0		0	00000000	
ROW106|700	003004344038	0001	E		000	00000000					000000	0000		0	42	0	0	TO	TO	000000000015000177	0	0					000000000000	0.0	X	0.0		X			1014	FJWN	1	1	0			FG01			1014	40	ZPFG	05.08.2026	05.08.2026	1					0.00		9004904008			1008		000000000000000000		0000000000	0000	0000000000	0000										42	05.08.2026	1				0				000000000000000000	1014								0		0	00000000	
ROW107|700	003004344041	0001	E		000	00000000					000000	0000		0	30	0	0	TO	TO	000000000015000177	0	0					000000000000	0.0	X	0.0		X			1014	FJWN	1	1	0			FG01			1014	40	ZPFG	05.08.2026	05.08.2026	1					0.00		9004904011			1008		000000000000000000		0000000000	0000	0000000000	0000										30	05.08.2026	1				0				000000000000000000	1014								0		0	00000000	
ROW108|700	003004344045	0001	E		000	00000000					000000	0000		0	20	20	0	TO	TO	000000000015000177	0	0			05.08.2026		000000000000	0.0	X	0.0		X			1014	FJWN	1	1	0	X		FG01			1014	40	ZPFG	05.08.2026	05.08.2026	1					62,055.60		9004904016			1008		000000000000000000		0000000000	0000	0000000000	0000										20	05.08.2026	1				0				000000000000000000	1014								0		0	00000000	
ROW109|700	003004344047	0001	E		000	00000000					000000	0000		0	34.100	0	0	TO	TO	000000000015000177	0	0					000000000000	0.0	X	0.0		X			1004	FNWL	1	1	0			FG01			1004	40	ZPFG	05.08.2026	05.08.2026	1					0.00		9004904020			1008		000000000000000000		0000000000	0000	0000000000	0000										34.100	05.08.2026	1				0				000000000000000000	1004								0		0	00000000	
ROW110|700	003004344059	0001	E		000	00000000					000000	0000		0	42	42	0	TO	TO	000000000015000177	0	0			05.08.2026		000000000000	0.0	X	0.0		X			1003	FRNC	1	1	0	X		FG01			1003	40	ZPFG	05.08.2026	05.08.2026	1					129,002.16		9004904033			1008		000000000000000000		0000000000	0000	0000000000	0000										42	05.08.2026	1				0				000000000000000000	1003								0		0	00000000	
ROW111|700	003004344060	0001	E		000	00000000					000000	0000		0	45	43	0	TO	TO	000000000015000177	0	0			05.08.2026		000000000000	0.0	X	0.0		X			1003	FRNC	1	1	0			FG01			1003	40	ZPFG	05.08.2026	05.08.2026	1					132,073.64		9004904035			1008		000000000000000000		0000000000	0000	0000000000	0000										45	05.08.2026	1				0				000000000000000000	1003								0		0	00000000	
ROW112|700	003004344074	0001	E		000	00000000					000000	0000		0	42	42	0	TO	TO	000000000015000177	0	0			05.08.2026		000000000000	0.0	X	0.0		X			1003	FRNC	1	1	0	X		FG01			1003	40	ZPFG	05.08.2026	05.08.2026	1					129,002.16		9004904062			1008		000000000000000000		0000000000	0000	0000000000	0000										42	05.08.2026	1				0				000000000000000000	1003								0		0	00000000	
ROW113|700	003004344075	0001	E		000	00000000					000000	0000		0	45	0	0	TO	TO	000000000015000177	0	0					000000000000	0.0	X	0.0		X			1003	FRNC	1	1	0			FG01			1003	40	ZPFG	05.08.2026	05.08.2026	1					0.00		9004904064			1008		000000000000000000		0000000000	0000	0000000000	0000										45	05.08.2026	1				0				000000000000000000	1003								0		0	00000000	
ROW114|700	003004344076	0001	E		000	00000000					000000	0000		0	45	45	0	TO	TO	000000000015000177	0	0			05.08.2026		000000000000	0.0	X	0.0		X			1003	FRNC	1	1	0	X		FG01			1003	40	ZPFG	05.08.2026	05.08.2026	1					138,216.60		9004904065			1008		000000000000000000		0000000000	0000	0000000000	0000										45	05.08.2026	1				0				000000000000000000	1003								0		0	00000000	
ROW115|700	003004344077	0001	E		000	00000000					000000	0000		0	45	45	0	TO	TO	000000000015000177	0	0			05.08.2026		000000000000	0.0	X	0.0		X			1003	FRNC	1	1	0	X		FG01			1003	40	ZPFG	05.08.2026	05.08.2026	1					138,216.60		9004904066			1008		000000000000000000		0000000000	0000	0000000000	0000										45	05.08.2026	1				0				000000000000000000	1003								0		0	00000000	
ROW116|700	003004344079	0001	E		000	00000000					000000	0000		0	45	45	0	TO	TO	000000000015000177	0	0			05.08.2026		000000000000	0.0	X	0.0		X			1003	FRNC	1	1	0	X		FG01			1003	40	ZPFG	05.08.2026	05.08.2026	1					138,216.60		9004904068			1008		000000000000000000		0000000000	0000	0000000000	0000										45	05.08.2026	1				0				000000000000000000	1003								0		0	00000000	
ROW117|700	003004344081	0001	E		000	00000000					000000	0000		0	42	42	0	TO	TO	000000000015000177	0	0			05.08.2026		000000000000	0.0	X	0.0		X			1003	FRNC	1	1	0	X		FG01			1003	40	ZPFG	05.08.2026	05.08.2026	1					129,002.16		9004904073			1008		000000000000000000		0000000000	0000	0000000000	0000										42	05.08.2026	1				0				000000000000000000	1003								0		0	00000000	
ROW118|700	003004344082	0001	E		000	00000000					000000	0000		0	45	43	0	TO	TO	000000000015000177	0	0			05.08.2026		000000000000	0.0	X	0.0		X			1003	FRNC	1	1	0			FG01			1003	40	ZPFG	05.08.2026	05.08.2026	1					132,073.64		9004904074			1008		000000000000000000		0000000000	0000	0000000000	0000										45	05.08.2026	1				0				000000000000000000	1003								0		0	00000000	
ROW119|700	003004344084	0001	E		000	00000000					000000	0000		0	45	42	0	TO	TO	000000000015000177	0	0			05.08.2026		000000000000	0.0	X	0.0		X			1003	FRNC	1	1	0			FG01			1003	40	ZPFG	05.08.2026	05.08.2026	1					129,002.16		9004904082			1008		000000000000000000		0000000000	0000	0000000000	0000										45	05.08.2026	1				0				000000000000000000	1003								0		0	00000000	
ROW120|700	003004344086	0001	E		000	00000000					000000	0000		0	45	42	0	TO	TO	000000000015000177	0	0			05.08.2026		000000000000	0.0	X	0.0		X			1003	FRNC	1	1	0			FG01			1003	40	ZPFG	05.08.2026	05.08.2026	1					129,002.16		9004904085			1008		000000000000000000		0000000000	0000	0000000000	0000										45	05.08.2026	1				0				000000000000000000	1003								0		0	00000000	
ROW121|700	003004344131	0001	E		000	00000000					000000	0000		0	40	40	0	TO	TO	000000000015000177	0	0			05.08.2026		000000000000	0.0	X	0.0		X			1010	FUPG	1	1	0	X		FG01			1010	40	ZPFG	05.08.2026	05.08.2026	1					145,436.40		9004904178			1009		000000000000000000		0000000000	0000	0000000000	0000										40	05.08.2026	1				0				000000000000000000	1010								0		0	00000000	
ROW122|700	003004344146	0001	E		000	00000000					000000	0000		0	45	42	0	TO	TO	000000000015000177	0	0			05.08.2026		000000000000	0.0	X	0.0		X			1014	FJWN	1	1	0			FG01			1014	40	ZPFG	05.08.2026	05.08.2026	1					130,316.76		9004904236			1008		000000000000000000		0000000000	0000	0000000000	0000										45	05.08.2026	1				0				000000000000000000	1014								0		0	00000000	
ROW123|700	003004344147	0001	E		000	00000000					000000	0000		0	45	42	0	TO	TO	000000000015000177	0	0			05.08.2026		000000000000	0.0	X	0.0		X			1014	FJWN	1	1	0			FG01			1014	40	ZPFG	05.08.2026	05.08.2026	1					130,316.76		9004904237			1008		000000000000000000		0000000000	0000	0000000000	0000										45	05.08.2026	1				0				000000000000000000	1014								0		0	00000000	
ROW124|700	003004344158	0001	E		000	00000000					000000	0000		0	42	0	0	TO	TO	000000000015000177	0	0					000000000000	0.0	X	0.0		X			1014	FJWN	1	1	0			FG01			1014	40	ZPFG	05.08.2026	05.08.2026	1					0.00		9004904248			1008		000000000000000000		0000000000	0000	0000000000	0000										42	05.08.2026	1				0				000000000000000000	1014								0		0	00000000	
ROW125|700	003004344161	0001	E		000	00000000					000000	0000		0	38	38	0	TO	TO	000000000015000177	0	0			05.08.2026		000000000000	0.0	X	0.0		X			1014	FJWN	1	1	0	X		FG01			1014	40	ZPFG	05.08.2026	05.08.2026	1					117,905.64		9004904251			1008		000000000000000000		0000000000	0000	0000000000	0000										38	05.08.2026	1				0				000000000000000000	1014								0		0	00000000	
ROW126|700	003004344163	0001	E		000	00000000					000000	0000		0	42	0	0	TO	TO	000000000015000177	0	0					000000000000	0.0	X	0.0		X			1004	FNWL	1	1	0			FG01			1004	40	ZPFG	05.08.2026	05.08.2026	1					0.00		9004904253			1008		000000000000000000		0000000000	0000	0000000000	0000										42	05.08.2026	1				0				000000000000000000	1004								0		0	00000000	
ROW127|700	003004344165	0001	E		000	00000000					000000	0000		0	42	0	0	TO	TO	000000000015000177	0	0					000000000000	0.0	X	0.0		X			1004	FNWL	1	1	0			FG01			1004	40	ZPFG	05.08.2026	05.08.2026	1					0.00		9004904255			1008		000000000000000000		0000000000	0000	0000000000	0000										42	05.08.2026	1				0				000000000000000000	1004								0		0	00000000	
ROW128|700	003004344169	0001	E		000	00000000					000000	0000		0	42	42	0	TO	TO	000000000015000177	0	0			05.08.2026		000000000000	0.0	X	0.0		X			1014	FJWN	1	1	0	X		FG01			1014	40	ZPFG	05.08.2026	05.08.2026	1					130,316.76		9004904261			1008		000000000000000000		0000000000	0000	0000000000	0000										42	05.08.2026	1				0				000000000000000000	1014								0		0	00000000	
ROW129|700	003004344204	0001	E		000	00000000					000000	0000		0	45	43	0	TO	TO	000000000015000177	0	0			05.08.2026		000000000000	0.0	X	0.0		X			1014	FJWN	1	1	0			FG01			1014	40	ZPFG	05.08.2026	05.08.2026	1					133,419.54		9004904312			1008		000000000000000000		0000000000	0000	0000000000	0000										45	05.08.2026	1				0				000000000000000000	1014								0		0	00000000	
ROW130|700	003004344224	0001	E		000	00000000					000000	0000		0	45	40	0	TO	TO	000000000015000177	0	0			05.08.2026		000000000000	0.0	X	0.0		X			1004	FNWL	1	1	0			FG01			1004	40	ZPFG	05.08.2026	05.08.2026	1					111,625.20		9004904354			1008		000000000000000000		0000000000	0000	0000000000	0000										45	05.08.2026	1				0				000000000000000000	1004								0		0	00000000	
ROW131|700	003004344280	0001	E		000	00000000					000000	0000		0	42	0	0	TO	TO	000000000015000177	0	0					000000000000	0.0	X	0.0		X			1004	FNWL	1	1	0			FG01			1004	40	ZPFG	05.08.2026	05.08.2026	1					0.00		9004904454			1008		000000000000000000		0000000000	0000	0000000000	0000										42	05.08.2026	1				0				000000000000000000	1004								0		0	00000000	
ROW132|700	003004344294	0001	E		000	00000000					000000	0000		0	45	45	0	TO	TO	000000000015000177	0	0			05.08.2026		000000000000	0.0	X	0.0		X			1014	FJWN	1	1	0	X		FG01			1014	40	ZPFG	05.08.2026	05.08.2026	1					139,625.10		9004904474			1008		000000000000000000		0000000000	0000	0000000000	0000										45	05.08.2026	1				0				000000000000000000	1014								0		0	00000000	
ROW133|700	003004344328	0001	E		000	00000000					000000	0000		0	42	42	0	TO	TO	000000000015000177	0	0			05.08.2026		000000000000	0.0	X	0.0		X			1006	FJGU	1	1	0	X		FG01			1006	40	ZPFG	05.08.2026	05.08.2026	1					150,724.14		9004904518			1008		000000000000000000		0000000000	0000	0000000000	0000										42	05.08.2026	1				0				000000000000000000	1006								0		0	00000000	
ROW134|700	003004344332	0001	E		000	00000000					000000	0000		0	45	38	0	TO	TO	000000000015000177	0	0			05.08.2026		000000000000	0.0	X	0.0		X			1003	FRNC	1	1	0			FG01			1003	40	ZPFG	05.08.2026	05.08.2026	1					116,716.24		9004904525			1008		000000000000000000		0000000000	0000	0000000000	0000										45	05.08.2026	1				0				000000000000000000	1003								0		0	00000000	
ROW135|700	003004344333	0001	E		000	00000000					000000	0000		0	45	38	0	TO	TO	000000000015000177	0	0			05.08.2026		000000000000	0.0	X	0.0		X			1003	FRNC	1	1	0			FG01			1003	40	ZPFG	05.08.2026	05.08.2026	1					116,716.24		9004904526			1008		000000000000000000		0000000000	0000	0000000000	0000										45	05.08.2026	1				0				000000000000000000	1003								0		0	00000000	
ROW136|700	003004344343	0001	E		000	00000000					000000	0000		0	42	42	0	TO	TO	000000000015000177	0	0			05.08.2026		000000000000	0.0	X	0.0		X			1003	FRNC	1	1	0	X		FG01			1003	40	ZPFG	05.08.2026	05.08.2026	1					129,002.16		9004904547			1008		000000000000000000		0000000000	0000	0000000000	0000										42	05.08.2026	1				0				000000000000000000	1003								0		0	00000000	
ROW137|700	003004344345	0001	E		000	00000000					000000	0000		0	6	41	0	TO	TO	000000000015000177	0	0			05.08.2026		000000000000	0.0	X	0.0		X			1003	FRNC	1	1	0	X		FG01			1003	40	ZPFG	05.08.2026	05.08.2026	1					125,930.68		9004904549			1008		000000000000000000		0000000000	0000	0000000000	0000										6	05.08.2026	1				0				000000000000000000	1003								0		0	00000000	
ROW138|700	003004344392	0001	E		000	00000000					000000	0000		0	38	38	0	TO	TO	000000000015000177	0	0			05.08.2026		000000000000	0.0	X	0.0		X			1006	FJGU	1	1	0	X		FG01			1006	40	ZPFG	05.08.2026	05.08.2026	1					136,369.46		9004904645			1008		000000000000000000		0000000000	0000	0000000000	0000										38	05.08.2026	1				0				000000000000000000	1006								0		0	00000000	
ROW139|700	003004344415	0001	E		000	00000000					000000	0000		0	42	0	0	TO	TO	000000000015000177	0	0					000000000000	0.0	X	0.0		X			1004	FNWL	1	1	0			FG01			1004	40	ZPFG	05.08.2026	05.08.2026	1					0.00		9004904681			1008		000000000000000000		0000000000	0000	0000000000	0000										42	05.08.2026	1				0				000000000000000000	1004								0		0	00000000	
ROW140|700	003004344440	0001	E		000	00000000					000000	0000		0	45	45	0	TO	TO	000000000015000177	0	0			05.08.2026		000000000000	0.0	X	0.0		X			1003	FRNC	1	1	0	X		FG01			1003	40	ZPFG	05.08.2026	05.08.2026	1					138,216.60		9004904729			1008		000000000000000000		0000000000	0000	0000000000	0000										45	05.08.2026	1				0				000000000000000000	1003								0		0	00000000	
ROW141|700	003004344441	0001	E		000	00000000					000000	0000		0	45	0	0	TO	TO	000000000015000177	0	0					000000000000	0.0	X	0.0		X			1003	FRNC	1	1	0			FG01			1003	40	ZPFG	05.08.2026	05.08.2026	1					0.00		9004904730			1008		000000000000000000		0000000000	0000	0000000000	0000										45	05.08.2026	1				0				000000000000000000	1003								0		0	00000000	
ROW142|700	003004344442	0001	E		000	00000000					000000	0000		0	42	42	0	TO	TO	000000000015000177	0	0			05.08.2026		000000000000	0.0	X	0.0		X			1003	FRNC	1	1	0	X		FG01			1003	40	ZPFG	05.08.2026	05.08.2026	1					129,002.16		9004904731			1008		000000000000000000		0000000000	0000	0000000000	0000										42	05.08.2026	1				0				000000000000000000	1003								0		0	00000000	
ROW143|700	003004344453	0001	E		000	00000000					000000	0000		0	42	42	0	TO	TO	000000000015000177	0	0			05.08.2026		000000000000	0.0	X	0.0		X			1006	FJGU	1	1	0	X		FG01			1006	40	ZPFG	05.08.2026	05.08.2026	1					150,724.14		9004904762			1008		000000000000000000		0000000000	0000	0000000000	0000										42	05.08.2026	1				0				000000000000000000	1006								0		0	00000000	
ROW144|700	003004344462	0001	E		000	00000000					000000	0000		0	43	42	0	TO	TO	000000000015000177	0	0			05.08.2026		000000000000	0.0	X	0.0		X			1003	FRNC	1	1	0			FG01			1003	40	ZPFG	05.08.2026	05.08.2026	1					129,002.16		9004904772			1008		000000000000000000		0000000000	0000	0000000000	0000										43	05.08.2026	1				0				000000000000000000	1003								0		0	00000000	
ROW145|700	003004344471	0001	E		000	00000000					000000	0000		0	20	0	0	TO	TO	000000000015000177	0	0					000000000000	0.0	X	0.0		X			1007	FRGU	1	1	0			FG01			1007	40	ZPFG	05.08.2026	05.08.2026	1					0.00		9004904796			1005		000000000000000000		0000000000	0000	0000000000	0000										20	05.08.2026	1				0				000000000000000000	1007								0		0	00000000	
ROW146|700	003004344472	0001	E		000	00000000					000000	0000		0	20	0	0	TO	TO	000000000015000177	0	0					000000000000	0.0	X	0.0		X			1007	FRGU	1	1	0			FG01			1007	40	ZPFG	05.08.2026	05.08.2026	1					0.00		9004904797			1005		000000000000000000		0000000000	0000	0000000000	0000										20	05.08.2026	1				0				000000000000000000	1007								0		0	00000000	
ROW147|700	003004344473	0001	E		000	00000000					000000	0000		0	20	0	0	TO	TO	000000000015000177	0	0					000000000000	0.0	X	0.0		X			1007	FRGU	1	1	0			FG01			1007	40	ZPFG	05.08.2026	05.08.2026	1					0.00		9004904798			1005		000000000000000000		0000000000	0000	0000000000	0000										20	05.08.2026	1				0				000000000000000000	1007								0		0	00000000	
ROW148|700	003004344501	0001	E		000	00000000					000000	0000		0	50	0	0	TO	TO	000000000015000177	0	0					000000000000	0.0	X	0.0		X			1004	FNWL	1	1	0			FG01			1004	40	ZPFG	05.08.2026	05.08.2026	1					0.00		9004904848			1008		000000000000000000		0000000000	0000	0000000000	0000										50	05.08.2026	1				0				000000000000000000	1004								0		0	00000000	
ROW149|700	003004344503	0001	E		000	00000000					000000	0000		0	50	0	0	TO	TO	000000000015000177	0	0					000000000000	0.0	X	0.0		X			1004	FNWL	1	1	0			FG01			1004	40	ZPFG	05.08.2026	05.08.2026	1					0.00		9004904850			1008		000000000000000000		0000000000	0000	0000000000	0000										50	05.08.2026	1				0				000000000000000000	1004								0		0	00000000	
ROW150|700	003004344523	0001	E		000	00000000					000000	0000		0	45	44	0	TO	TO	000000000015000177	0	0			05.08.2026		000000000000	0.0	X	0.0		X			1003	FRNC	1	1	0			FG01			1003	40	ZPFG	05.08.2026	05.08.2026	1					135,145.12		9004904879			1008		000000000000000000		0000000000	0000	0000000000	0000										45	05.08.2026	1				0				000000000000000000	1003								0		0	00000000	
ROW151|700	003004344524	0001	E		000	00000000					000000	0000		0	45	44.500	0	TO	TO	000000000015000177	0	0			05.08.2026		000000000000	0.0	X	0.0		X			1003	FRNC	1	1	0			FG01			1003	40	ZPFG	05.08.2026	05.08.2026	1					136,680.86		9004904880			1008		000000000000000000		0000000000	0000	0000000000	0000										45	05.08.2026	1				0				000000000000000000	1003								0		0	00000000	
ROW152|700	003004344647	0001	E		000	00000000					000000	0000		0	45	45	0	TO	TO	000000000015000177	0	0			05.08.2026		000000000000	0.0	X	0.0		X			1000	FBWR	1	1	0	X		FG01			1000	40	ZPFG	05.08.2026	05.08.2026	1					148,646.25		9004905117			1008		000000000000000000		0000000000	0000	0000000000	0000										45	05.08.2026	1				0				000000000000000000	1000								0		0	00000000	
ROW153|700	003004344665	0001	E		000	00000000					000000	0000		0	38	42	0	TO	TO	000000000015000177	0	0			05.08.2026		000000000000	0.0	X	0.0		X			1014	FJWN	1	1	0	X		FG01			1014	40	ZPFG	05.08.2026	05.08.2026	1					130,316.76		9004905148			1008		000000000000000000		0000000000	0000	0000000000	0000										38	05.08.2026	1				0				000000000000000000	1014								0		0	00000000	
ROW154|700	003004344685	0001	E		000	00000000					000000	0000		0	45	45	0	TO	TO	000000000015000177	0	0			05.08.2026		000000000000	0.0	X	0.0		X			1003	FRNC	1	1	0	X		FG01			1003	40	ZPFG	05.08.2026	05.08.2026	1					138,216.60		9004905195			1008		000000000000000000		0000000000	0000	0000000000	0000										45	05.08.2026	1				0				000000000000000000	1003								0		0	00000000	
ROW155|700	003004344690	0001	E		000	00000000					000000	0000		0	40	0	0	TO	TO	000000000015000177	0	0					000000000000	0.0	X	0.0		X			1014	FJWN	1	1	0			FG01			1014	40	ZPFG	05.08.2026	05.08.2026	1					0.00		9004905206			1008		000000000000000000		0000000000	0000	0000000000	0000										40	05.08.2026	1				0				000000000000000000	1014								0		0	00000000	
ROW156|700	003004344737	0001	E		000	00000000					000000	0000		0	42	45	0	TO	TO	000000000015000177	0	0			05.08.2026		000000000000	0.0	X	0.0		X			1003	FRNC	1	1	0	X		FG01			1003	40	ZPFG	05.08.2026	05.08.2026	1					138,216.60		9004905288			1008		000000000000000000		0000000000	0000	0000000000	0000										42	05.08.2026	1				0				000000000000000000	1003								0		0	00000000	
ROW157|700	003004344783	0001	E		000	00000000					000000	0000		0	42	44	0	TO	TO	000000000015000177	0	0			05.08.2026		000000000000	0.0	X	0.0		X			1003	FRNC	1	1	0	X		FG01			1003	40	ZPFG	05.08.2026	05.08.2026	1					135,145.12		9004905405			1008		000000000000000000		0000000000	0000	0000000000	0000										42	05.08.2026	1				0				000000000000000000	1003								0		0	00000000	
ROW158|700	003004344788	0001	E		000	00000000					000000	0000		0	36	36	0	TO	TO	000000000015000177	0	0			05.08.2026		000000000000	0.0	X	0.0		X			1070	FKDL	1	1	0	X		FG01			1070	40	ZPFG	05.08.2026	05.08.2026	1					175,912.92		9004905419			1029		000000000000000000		0000000000	0000	0000000000	0000										36	05.08.2026	1				0				000000000000000000	1070								0		0	00000000	
ROW159|700	003004344801	0001	E		000	00000000					000000	0000		0	45	0	0	TO	TO	000000000015000177	0	0					000000000000	0.0	X	0.0		X			1004	FNWL	1	1	0			FG01			1004	40	ZPFG	05.08.2026	05.08.2026	1					0.00		9004905451			1008		000000000000000000		0000000000	0000	0000000000	0000										45	05.08.2026	1				0				000000000000000000	1004								0		0	00000000	
ROW160|700	003004344810	0001	E		000	00000000					000000	0000		0	42	0	0	TO	TO	000000000015000177	0	0					000000000000	0.0	X	0.0		X			1004	FNWL	1	1	0			FG01			1004	40	ZPFG	05.08.2026	05.08.2026	1					0.00		9004905469			1008		000000000000000000		0000000000	0000	0000000000	0000										42	05.08.2026	1				0				000000000000000000	1004								0		0	00000000	
ROW161|700	003004344835	0001	E		000	00000000					000000	0000		0	45	42	0	TO	TO	000000000015000177	0	0			05.08.2026		000000000000	0.0	X	0.0		X			1004	FNWL	1	1	0			FG01			1004	40	ZPFG	05.08.2026	05.08.2026	1					117,206.46		9004905521			1008		000000000000000000		0000000000	0000	0000000000	0000										45	05.08.2026	1				0				000000000000000000	1004								0		0	00000000	
ROW162|700	003004344841	0001	E		000	00000000					000000	0000		0	45	45	0	TO	TO	000000000015000177	0	0			05.08.2026		000000000000	0.0	X	0.0		X			1006	FJGU	1	1	0	X		FG01			1006	40	ZPFG	05.08.2026	05.08.2026	1					161,490.15		9004905532			1008		000000000000000000		0000000000	0000	0000000000	0000										45	05.08.2026	1				0				000000000000000000	1006								0		0	00000000	
ROW163|700	003004344881	0001	E		000	00000000					000000	0000		0	35	0	0	TO	TO	000000000015000177	0	0					000000000000	0.0	X	0.0		X			1046	FNRC	1	1	0			FG01			1046	40	ZPFG	05.08.2026	05.08.2026	1					0.00		9004905622			1022		000000000000000000		0000000000	0000	0000000000	0000										35	05.08.2026	1				0				000000000000000000	1046								0		0	00000000	
ROW164|700	003004344884	0001	E		000	00000000					000000	0000		0	45	0	0	TO	TO	000000000015000177	0	0					000000000000	0.0	X	0.0		X			1000	FBWR	1	1	0			FG01			1000	40	ZPFG	05.08.2026	05.08.2026	1					0.00		9004905630			1008		000000000000000000		0000000000	0000	0000000000	0000										45	05.08.2026	1				0				000000000000000000	1000								0		0	00000000	
ROW165|700	003004344885	0001	E		000	00000000					000000	0000		0	45	0	0	TO	TO	000000000015000177	0	0					000000000000	0.0	X	0.0		X			1000	FBWR	1	1	0			FG01			1000	40	ZPFG	05.08.2026	05.08.2026	1					0.00		9004905631			1008		000000000000000000		0000000000	0000	0000000000	0000										45	05.08.2026	1				0				000000000000000000	1000								0		0	00000000	
ROW166|700	003004344978	0001	E		000	00000000					000000	0000		0	42	42	0	TO	TO	000000000015000177	0	0			05.08.2026		000000000000	0.0	X	0.0		X			1003	FRNC	1	1	0	X		FG01			1003	40	ZPFG	05.08.2026	05.08.2026	1					129,002.16		9004905829			1008		000000000000000000		0000000000	0000	0000000000	0000										42	05.08.2026	1				0				000000000000000000	1003								0		0	00000000	
ROW167|700	003004344979	0001	E		000	00000000					000000	0000		0	43	43	0	TO	TO	000000000015000177	0	0			05.08.2026		000000000000	0.0	X	0.0		X			1003	FRNC	1	1	0	X		FG01			1003	40	ZPFG	05.08.2026	05.08.2026	1					132,073.64		9004905830			1008		000000000000000000		0000000000	0000	0000000000	0000										43	05.08.2026	1				0				000000000000000000	1003								0		0	00000000	
ROW168|700	003004344982	0001	E		000	00000000					000000	0000		0	42	43	0	TO	TO	000000000015000177	0	0			05.08.2026		000000000000	0.0	X	0.0		X			1003	FRNC	1	1	0	X		FG01			1003	40	ZPFG	05.08.2026	05.08.2026	1					132,073.64		9004905833			1008		000000000000000000		0000000000	0000	0000000000	0000										42	05.08.2026	1				0				000000000000000000	1003								0		0	00000000	
ROW169|700	003004344983	0001	E		000	00000000					000000	0000		0	42	42	0	TO	TO	000000000015000177	0	0			05.08.2026		000000000000	0.0	X	0.0		X			1003	FRNC	1	1	0	X		FG01			1003	40	ZPFG	05.08.2026	05.08.2026	1					129,002.16		9004905834			1008		000000000000000000		0000000000	0000	0000000000	0000										42	05.08.2026	1				0				000000000000000000	1003								0		0	00000000	
ROW170|700	003004344984	0001	E		000	00000000					000000	0000		0	42	42	0	TO	TO	000000000015000177	0	0			05.08.2026		000000000000	0.0	X	0.0		X			1003	FRNC	1	1	0	X		FG01			1003	40	ZPFG	05.08.2026	05.08.2026	1					129,002.16		9004905835			1008		000000000000000000		0000000000	0000	0000000000	0000										42	05.08.2026	1				0				000000000000000000	1003								0		0	00000000	
ROW171|700	003004345003	0001	E		000	00000000					000000	0000		0	45	45	0	TO	TO	000000000015000177	0	0			05.08.2026		000000000000	0.0	X	0.0		X			1003	FRNC	1	1	0	X		FG01			1003	40	ZPFG	05.08.2026	05.08.2026	1					138,216.60		9004905888			1008		000000000000000000		0000000000	0000	0000000000	0000										45	05.08.2026	1				0				000000000000000000	1003								0		0	00000000	
ROW172|700	003004345008	0001	E		000	00000000					000000	0000		0	45	45	0	TO	TO	000000000015000177	0	0			05.08.2026		000000000000	0.0	X	0.0		X			1003	FRNC	1	1	0	X		FG01			1003	40	ZPFG	05.08.2026	05.08.2026	1					138,216.60		9004905893			1008		000000000000000000		0000000000	0000	0000000000	0000										45	05.08.2026	1				0				000000000000000000	1003								0		0	00000000	
ROW173|700	003004345032	0001	E		000	00000000					000000	0000		0	45	45	0	TO	TO	000000000015000177	0	0			05.08.2026		000000000000	0.0	X	0.0		X			1003	FRNC	1	1	0	X		FG01			1003	40	ZPFG	05.08.2026	05.08.2026	1					138,216.60		9004905948			1008		000000000000000000		0000000000	0000	0000000000	0000										45	05.08.2026	1				0				000000000000000000	1003								0		0	00000000	
ROW174|700	003004345035	0001	E		000	00000000					000000	0000		0	45	45	0	TO	TO	000000000015000177	0	0			05.08.2026		000000000000	0.0	X	0.0		X			1003	FRNC	1	1	0	X		FG01			1003	40	ZPFG	05.08.2026	05.08.2026	1					138,216.60		9004905951			1008		000000000000000000		0000000000	0000	0000000000	0000										45	05.08.2026	1				0				000000000000000000	1003								0		0	00000000	
ROW175|700	003004345067	0001	E		000	00000000					000000	0000		0	42	45	0	TO	TO	000000000015000177	0	0			05.08.2026		000000000000	0.0	X	0.0		X			1003	FRNC	1	1	0	X		FG01			1003	40	ZPFG	05.08.2026	05.08.2026	1					138,216.60		9004906004			1008		000000000000000000		0000000000	0000	0000000000	0000										42	05.08.2026	1				0				000000000000000000	1003								0		0	00000000	
ROW176|700	003004345068	0001	E		000	00000000					000000	0000		0	42	45	0	TO	TO	000000000015000177	0	0			05.08.2026		000000000000	0.0	X	0.0		X			1003	FRNC	1	1	0	X		FG01			1003	40	ZPFG	05.08.2026	05.08.2026	1					138,216.60		9004906005			1008		000000000000000000		0000000000	0000	0000000000	0000										42	05.08.2026	1				0				000000000000000000	1003								0		0	00000000	
ROW177|700	003004345127	0001	E		000	00000000					000000	0000		0	20	20	0	TO	TO	000000000015000177	0	0			05.08.2026		000000000000	0.0	X	0.0		X			1007	FRGU	1	1	0	X		FG01			1007	40	ZPFG	05.08.2026	05.08.2026	1					89,156.60		9004906120			1005		000000000000000000		0000000000	0000	0000000000	0000										20	05.08.2026	1				0				000000000000000000	1007								0		0	00000000	
ROW178|700	003004345128	0001	E		000	00000000					000000	0000		0	20	20	0	TO	TO	000000000015000177	0	0			05.08.2026		000000000000	0.0	X	0.0		X			1007	FRGU	1	1	0	X		FG01			1007	40	ZPFG	05.08.2026	05.08.2026	1					89,156.60		9004906121			1005		000000000000000000		0000000000	0000	0000000000	0000										20	05.08.2026	1				0				000000000000000000	1007								0		0	00000000	
ROW179|700	003004345292	0001	E		000	00000000					000000	0000		0	45	42	0	TO	TO	000000000015000177	0	0			05.08.2026		000000000000	0.0	X	0.0		X			1006	FJGU	1	1	0			FG01			1006	40	ZPFG	05.08.2026	05.08.2026	1					150,724.14		9004906484			1008		000000000000000000		0000000000	0000	0000000000	0000										45	05.08.2026	1				0				000000000000000000	1006								0		0	00000000	
ROW180|700	003004345362	0001	E		000	00000000					000000	0000		0	42	42	0	TO	TO	000000000015000177	0	0			05.08.2026		000000000000	0.0	X	0.0		X			1000	FBWR	1	1	0	X		FG01			1000	40	ZPFG	05.08.2026	05.08.2026	1					138,736.50		9004906609			1008		000000000000000000		0000000000	0000	0000000000	0000										42	05.08.2026	1				0				000000000000000000	1000								0		0	00000000	
ROW181|700	003004345421	0001	E		000	00000000					000000	0000		0	45	44.500	0	TO	TO	000000000015000177	0	0			05.08.2026		000000000000	0.0	X	0.0		X			1003	FRNC	1	1	0			FG01			1003	40	ZPFG	05.08.2026	05.08.2026	1					136,680.86		9004906724			1008		000000000000000000		0000000000	0000	0000000000	0000										45	05.08.2026	1				0				000000000000000000	1003								0		0	00000000	
ROW182|700	003004345437	0001	E		000	00000000					000000	0000		0	45	45	0	TO	TO	000000000015000177	0	0			05.08.2026		000000000000	0.0	X	0.0		X			1003	FRNC	1	1	0	X		FG01			1003	40	ZPFG	05.08.2026	05.08.2026	1					138,216.60		9004906747			1008		000000000000000000		0000000000	0000	0000000000	0000										45	05.08.2026	1				0				000000000000000000	1003								0		0	00000000	
ROW183|700	003004345501	0001	E		000	00000000					000000	0000		0	45	0	0	TO	TO	000000000015000177	0	0					000000000000	0.0	X	0.0		X			1004	FNWL	1	1	0			FG01			1004	40	ZPFG	05.08.2026	05.08.2026	1					0.00		9004906860			1008		000000000000000000		0000000000	0000	0000000000	0000										45	05.08.2026	1				0				000000000000000000	1004								0		0	00000000	
ROW184|700	003004345593	0001	E		000	00000000					000000	0000		0	42	42	0	TO	TO	000000000015000177	0	0			05.08.2026		000000000000	0.0	X	0.0		X			1006	FJGU	1	1	0	X		FG01			1006	40	ZPFG	05.08.2026	05.08.2026	1					150,724.14		9004907017			1008		000000000000000000		0000000000	0000	0000000000	0000										42	05.08.2026	1				0				000000000000000000	1006								0		0	00000000	
ROW185|700	003004345595	0001	E		000	00000000					000000	0000		0	38	38	0	TO	TO	000000000015000177	0	0			05.08.2026		000000000000	0.0	X	0.0		X			1006	FJGU	1	1	0	X		FG01			1006	40	ZPFG	05.08.2026	05.08.2026	1					136,369.46		9004907020			1008		000000000000000000		0000000000	0000	0000000000	0000										38	05.08.2026	1				0				000000000000000000	1006								0		0	00000000	
ROW186|700	003004345622	0001	E		000	00000000					000000	0000		0	45	0	0	TO	TO	000000000015000177	0	0					000000000000	0.0	X	0.0		X			1014	FJWN	1	1	0			FG01			1014	40	ZPFG	05.08.2026	05.08.2026	1					0.00		9004907069			1008		000000000000000000		0000000000	0000	0000000000	0000										45	05.08.2026	1				0				000000000000000000	1014								0		0	00000000	
ROW187|700	003004345677	0001	E		000	00000000					000000	0000		0	42	42	0	TO	TO	000000000015000177	0	0			05.08.2026		000000000000	0.0	X	0.0		X			1014	FJWN	1	1	0	X		FG01			1014	40	ZPFG	05.08.2026	05.08.2026	1					130,316.76		9004907219			1008		000000000000000000		0000000000	0000	0000000000	0000										42	05.08.2026	1				0				000000000000000000	1014								0		0	00000000	
ROW188|700	003004345780	0001	E		000	00000000					000000	0000		0	45	0	0	TO	TO	000000000015000177	0	0					000000000000	0.0	X	0.0		X			1010	FUPG	1	1	0			FG01			1010	40	ZPFG	05.08.2026	05.08.2026	1					0.00		9004907417			1009		000000000000000000		0000000000	0000	0000000000	0000										45	05.08.2026	1				0				000000000000000000	1010								0		0	00000000	
ROW189|700	003004345785	0001	E		000	00000000					000000	0000		0	42	0	0	TO	TO	000000000015000177	0	0					000000000000	0.0	X	0.0		X			1014	FJWN	1	1	0			FG01			1014	40	ZPFG	05.08.2026	05.08.2026	1					0.00		9004907435			1008		000000000000000000		0000000000	0000	0000000000	0000										42	05.08.2026	1				0				000000000000000000	1014								0		0	00000000	
ROW190|700	003004345895	0001	E		000	00000000					000000	0000		0	42	0	0	TO	TO	000000000015000177	0	0					000000000000	0.0	X	0.0		X			1014	FJWN	1	1	0			FG01			1014	40	ZPFG	05.08.2026	05.08.2026	1					0.00		9004907670			1008		000000000000000000		0000000000	0000	0000000000	0000										42	05.08.2026	1				0				000000000000000000	1014								0		0	00000000	
ROW191|700	003004345897	0001	E		000	00000000					000000	0000		0	42	0	0	TO	TO	000000000015000177	0	0					000000000000	0.0	X	0.0		X			1014	FJWN	1	1	0			FG01			1014	40	ZPFG	05.08.2026	05.08.2026	1					0.00		9004907675			1008		000000000000000000		0000000000	0000	0000000000	0000										42	05.08.2026	1				0				000000000000000000	1014								0		0	00000000	
ROW192|700	003004346094	0001	E		000	00000000					000000	0000		0	44	0	0	TO	TO	000000000015000177	0	0					000000000000	0.0	X	0.0		X			1010	FUPG	1	1	0			FG01			1010	40	ZPFG	05.08.2026	05.08.2026	1					0.00		9004907971			1009		000000000000000000		0000000000	0000	0000000000	0000										44	05.08.2026	1				0				000000000000000000	1010								0		0	00000000	
ROW193|700	003004346101	0001	E		000	00000000					000000	0000		0	45	0	0	TO	TO	000000000015000177	0	0					000000000000	0.0	X	0.0		X			1010	FUPG	1	1	0			FG01			1010	40	ZPFG	05.08.2026	05.08.2026	1					0.00		9004907995			1009		000000000000000000		0000000000	0000	0000000000	0000										45	05.08.2026	1				0				000000000000000000	1010								0		0	00000000	
ROW194|700	003004346230	0001	E		000	00000000					000000	0000		0	20	0	0	TO	TO	000000000015000177	0	0					000000000000	0.0	X	0.0		X			1003	FRNC	1	1	0			FG01			1003	40	ZPFG	05.08.2026	05.08.2026	1					0.00		9004908238			1008		000000000000000000		0000000000	0000	0000000000	0000										20	05.08.2026	1				0				000000000000000000	1003								0		0	00000000	
ROW195|700	003004346231	0001	E		000	00000000					000000	0000		0	25	0	0	TO	TO	000000000015000177	0	0					000000000000	0.0	X	0.0		X			1003	FRNC	1	1	0			FG01			1003	40	ZPFG	05.08.2026	05.08.2026	1					0.00		9004908239			1008		000000000000000000		0000000000	0000	0000000000	0000										25	05.08.2026	1				0				000000000000000000	1003								0		0	00000000	
ROW196|700	003004346244	0001	E		000	00000000					000000	0000		0	42	0	0	TO	TO	000000000015000177	0	0					000000000000	0.0	X	0.0		X			1003	FRNC	1	1	0			FG01			1003	40	ZPFG	05.08.2026	05.08.2026	1					0.00		9004908270			1008		000000000000000000		0000000000	0000	0000000000	0000										42	05.08.2026	1				0				000000000000000000	1003								0		0	00000000	
ROW197|700	003004346245	0001	E		000	00000000					000000	0000		0	42	0	0	TO	TO	000000000015000177	0	0					000000000000	0.0	X	0.0		X			1004	FNWL	1	1	0			FG01			1004	40	ZPFG	05.08.2026	05.08.2026	1					0.00		9004908276			1008		000000000000000000		0000000000	0000	0000000000	0000										42	05.08.2026	1				0				000000000000000000	1004								0		0	00000000	
ROW198|700	003004346298	0001	E		000	00000000					000000	0000		0	30	0	0	TO	TO	000000000015000177	0	0					000000000000	0.0	X	0.0		X			1003	FRNC	1	1	0			FG01			1003	40	ZPFG	05.08.2026	05.08.2026	1					0.00		9004908370			1008		000000000000000000		0000000000	0000	0000000000	0000										30	05.08.2026	1				0				000000000000000000	1003								0		0	00000000	
ROW199|700	003004346299	0001	E		000	00000000					000000	0000		0	30	0	0	TO	TO	000000000015000177	0	0					000000000000	0.0	X	0.0		X			1003	FRNC	1	1	0			FG01			1003	40	ZPFG	05.08.2026	05.08.2026	1					0.00		9004908371			1008		000000000000000000		0000000000	0000	0000000000	0000										30	05.08.2026	1				0				000000000000000000	1003								0		0	00000000	
