SESSION|QS4/700 located at connection[0] session[0]|user=QNOVATE8
SELFIELD|ctxtI1-LOW=003004362386
SELFIELD|ctxtI1-HIGH=003004363999
SELFIELD|ctxtI3-LOW=000000000015000177
TABLE|AFPO
TITLE|Data Browser: Table AFPO Select Entries        154
SBAR|
ALV|rows=154|cols=100
HDR|MANDT	AUFNR	POSNR	PSOBS	QUNUM	QUPOS	PROJN	PLNUM	STRMP	ETRMP	KDAUF	KDPOS	KDEIN	BESKZ	PSAMG	PSMNG	WEMNG	IAMNG	AMEIN	MEINS	MATNR	PAMNG	PGMNG	KNTTP	TPAUF	LTRMI	LTRMP	KALNR	UEBTO	UEBTK	UNTTO	INSMK	WEPOS	BWTAR	BWTTY	PWERK	LGORT	UMREZ	UMREN	WEBAZ	ELIKZ	SAFNR	VERID	SERNR	TECHS	DWERK	DAUTY	DAUAT	DGLTP	DGLTS	DFREI	DNREL	VERTO	SOBKZ	KZVBR	WEWRT	WEUNB	ABLAD	WEMPF	CHARG	GSBER	WEAED	CUOBJ	KBNKZ	ARSNR	ARSPS	KRSNR	KRSPS	KCKEY	RTP01	RTP02	RTP03	RTP04	KSVON	KSBIS	OBJNP	NDISR	VFMNG	GSBTR	KZAVC	KZBWS	XLOEK	SERNP	ANZSN	OBJTYPE	CH_PROC	FXPRU	CUOBJ_ROOT	BERID	TECHS_COPY	SGT_SCAT	KUNNR2	FSH_SEASON_YEAR	FSH_SEASON	FSH_COLLECTION	FSH_THEME	FSH_SALLOC_QTY	MILL_OC_AUFNR_U	MILL_OC_RUMNG	MILL_OC_SORT	
ROW0|700	003004362386	0001	E		000	00000000					000000	0000		0	8	0	0	TO	TO	000000000015000177	0	0					000000000000	0.0	X	0.0		X			1304	FEGU	1	1	0			FG01			1304	40	ZPFG	10.08.2026	10.08.2026	1					0.00		9004946071			1309		000000000000000000		0000000000	0000	0000000000	0000										8	10.08.2026	1				0				000000000000000000	1304								0		0	00000000	
ROW1|700	003004362387	0001	E		000	00000000					000000	0000		0	35	0	0	TO	TO	000000000015000177	0	0					000000000000	0.0	X	0.0		X			1304	FEGU	1	1	0			FG01			1304	40	ZPFG	10.08.2026	10.08.2026	1					0.00		9004946072			1309		000000000000000000		0000000000	0000	0000000000	0000										35	10.08.2026	1				0				000000000000000000	1304								0		0	00000000	
ROW2|700	003004362388	0001	E		000	00000000					000000	0000		0	10	0	0	TO	TO	000000000015000177	0	0					000000000000	0.0	X	0.0		X			1304	FEGU	1	1	0			FG01			1304	40	ZPFG	10.08.2026	10.08.2026	1					0.00		9004946073			1309		000000000000000000		0000000000	0000	0000000000	0000										10	10.08.2026	1				0				000000000000000000	1304								0		0	00000000	
ROW3|700	003004362398	0001	E		000	00000000					000000	0000		0	50	50	0	TO	TO	000000000015000177	0	0			10.08.2026		000000000000	0.0	X	0.0		X			1009	FBCU	1	1	0	X		FG01			1009	40	ZPFG	10.08.2026	10.08.2026	1					184,247.00		9004946092			1008		000000000000000000		0000000000	0000	0000000000	0000										50	10.08.2026	1				0				000000000000000000	1009								0		0	00000000	
ROW4|700	003004362399	0001	E		000	00000000					000000	0000		0	50	50	0	TO	TO	000000000015000177	0	0			10.08.2026		000000000000	0.0	X	0.0		X			1009	FBCU	1	1	0	X		FG01			1009	40	ZPFG	10.08.2026	10.08.2026	1					184,247.00		9004946093			1008		000000000000000000		0000000000	0000	0000000000	0000										50	10.08.2026	1				0				000000000000000000	1009								0		0	00000000	
ROW5|700	003004362419	0001	E		000	00000000					000000	0000		0	35	35	0	TO	TO	000000000015000177	0	0			10.08.2026		000000000000	0.0	X	0.0		X			1046	FNRC	1	1	0	X		FG01			1046	40	ZPFG	10.08.2026	10.08.2026	1					97,008.80		9004946146			1022		000000000000000000		0000000000	0000	0000000000	0000										35	10.08.2026	1				0				000000000000000000	1046								0		0	00000000	
ROW6|700	003004362420	0001	E		000	00000000					000000	0000		0	35	35	0	TO	TO	000000000015000177	0	0			10.08.2026		000000000000	0.0	X	0.0		X			1046	FNRC	1	1	0	X		FG01			1046	40	ZPFG	10.08.2026	10.08.2026	1					97,008.80		9004946147			1022		000000000000000000		0000000000	0000	0000000000	0000										35	10.08.2026	1				0				000000000000000000	1046								0		0	00000000	
ROW7|700	003004362444	0001	E		000	00000000					000000	0000		0	42	0	0	TO	TO	000000000015000177	0	0					000000000000	0.0	X	0.0		X			1304	FEGU	1	1	0			FG01			1304	40	ZPFG	10.08.2026	10.08.2026	1					0.00		9004946211			1309		000000000000000000		0000000000	0000	0000000000	0000										42	10.08.2026	1				0				000000000000000000	1304								0		0	00000000	
ROW8|700	003004362473	0001	E		000	00000000					000000	0000		0	42	0	0	TO	TO	000000000015000177	0	0					000000000000	0.0	X	0.0		X			1304	FEGU	1	1	0			FG01			1304	40	ZPFG	10.08.2026	10.08.2026	1					0.00		9004946248			1309		000000000000000000		0000000000	0000	0000000000	0000										42	10.08.2026	1				0				000000000000000000	1304								0		0	00000000	
ROW9|700	003004362476	0001	E		000	00000000					000000	0000		0	43	42	0	TO	TO	000000000015000177	0	0			10.08.2026		000000000000	0.0	X	0.0		X			1003	FRNC	1	1	0			FG01			1003	40	ZPFG	10.08.2026	10.08.2026	1					129,002.16		9004946258			1008		000000000000000000		0000000000	0000	0000000000	0000										43	10.08.2026	1				0				000000000000000000	1003								0		0	00000000	
ROW10|700	003004362477	0001	E		000	00000000					000000	0000		0	45	43	0	TO	TO	000000000015000177	0	0			10.08.2026		000000000000	0.0	X	0.0		X			1003	FRNC	1	1	0			FG01			1003	40	ZPFG	10.08.2026	10.08.2026	1					132,073.64		9004946259			1008		000000000000000000		0000000000	0000	0000000000	0000										45	10.08.2026	1				0				000000000000000000	1003								0		0	00000000	
ROW11|700	003004362478	0001	E		000	00000000					000000	0000		0	43	42	0	TO	TO	000000000015000177	0	0			10.08.2026		000000000000	0.0	X	0.0		X			1003	FRNC	1	1	0			FG01			1003	40	ZPFG	10.08.2026	10.08.2026	1					129,002.16		9004946260			1008		000000000000000000		0000000000	0000	0000000000	0000										43	10.08.2026	1				0				000000000000000000	1003								0		0	00000000	
ROW12|700	003004362479	0001	E		000	00000000					000000	0000		0	45	43	0	TO	TO	000000000015000177	0	0			10.08.2026		000000000000	0.0	X	0.0		X			1003	FRNC	1	1	0			FG01			1003	40	ZPFG	10.08.2026	10.08.2026	1					132,073.64		9004946261			1008		000000000000000000		0000000000	0000	0000000000	0000										45	10.08.2026	1				0				000000000000000000	1003								0		0	00000000	
ROW13|700	003004362482	0001	E		000	00000000					000000	0000		0	44	0	0	TO	TO	000000000015000177	0	0					000000000000	0.0	X	0.0		X			1003	FRNC	1	1	0			FG01			1003	40	ZPFG	10.08.2026	10.08.2026	1					0.00		9004946265			1008		000000000000000000		0000000000	0000	0000000000	0000										44	10.08.2026	1				0				000000000000000000	1003								0		0	00000000	
ROW14|700	003004362486	0001	E		000	00000000					000000	0000		0	45	43	0	TO	TO	000000000015000177	0	0			10.08.2026		000000000000	0.0	X	0.0		X			1003	FRNC	1	1	0			FG01			1003	40	ZPFG	10.08.2026	10.08.2026	1					132,073.64		9004946272			1008		000000000000000000		0000000000	0000	0000000000	0000										45	10.08.2026	1				0				000000000000000000	1003								0		0	00000000	
ROW15|700	003004362500	0001	E		000	00000000					000000	0000		0	35	0	0	TO	TO	000000000015000177	0	0					000000000000	0.0	X	0.0		X			1304	FEGU	1	1	0			FG01			1304	40	ZPFG	10.08.2026	10.08.2026	1					0.00		9004946306			1309		000000000000000000		0000000000	0000	0000000000	0000										35	10.08.2026	1				0				000000000000000000	1304								0		0	00000000	
ROW16|700	003004362501	0001	E		000	00000000					000000	0000		0	44	44	0	TO	TO	000000000015000177	0	0			10.08.2026		000000000000	0.0	X	0.0		X			1003	FRNC	1	1	0	X		FG01			1003	40	ZPFG	10.08.2026	10.08.2026	1					135,145.12		9004946307			1008		000000000000000000		0000000000	0000	0000000000	0000										44	10.08.2026	1				0				000000000000000000	1003								0		0	00000000	
ROW17|700	003004362528	0001	E		000	00000000					000000	0000		0	35	35	0	TO	TO	000000000015000177	0	0			10.08.2026		000000000000	0.0	X	0.0		X			1046	FNRC	1	1	0	X		FG01			1046	40	ZPFG	10.08.2026	10.08.2026	1					97,008.80		9004946377			1022		000000000000000000		0000000000	0000	0000000000	0000										35	10.08.2026	1				0				000000000000000000	1046								0		0	00000000	
ROW18|700	003004362552	0001	E		000	00000000					000000	0000		0	45	0	0	TO	TO	000000000015000177	0	0					000000000000	0.0	X	0.0		X			1004	FNWL	1	1	0			FG01			1004	40	ZPFG	10.08.2026	10.08.2026	1					0.00		9004946425			1008		000000000000000000		0000000000	0000	0000000000	0000										45	10.08.2026	1				0				000000000000000000	1004								0		0	00000000	
ROW19|700	003004362580	0001	E		000	00000000					000000	0000		0	42	0	0	TO	TO	000000000015000177	0	0					000000000000	0.0	X	0.0		X			1046	FNRC	1	1	0			FG01			1046	40	ZPFG	10.08.2026	10.08.2026	1					0.00		9004946480			1022		000000000000000000		0000000000	0000	0000000000	0000										42	10.08.2026	1				0				000000000000000000	1046								0		0	00000000	
ROW20|700	003004362616	0001	E		000	00000000					000000	0000		0	50	55	0	TO	TO	000000000015000177	0	0			10.08.2026		000000000000	0.0	X	0.0		X			1009	FBCU	1	1	0	X		FG01			1009	40	ZPFG	10.08.2026	10.08.2026	1					202,671.70		9004946580			1008		000000000000000000		0000000000	0000	0000000000	0000										50	10.08.2026	1				0				000000000000000000	1009								0		0	00000000	
ROW21|700	003004362668	0001	E		000	00000000					000000	0000		0	5	5	0	TO	TO	000000000015000177	0	0			10.08.2026		000000000000	0.0	X	0.0		X			1070	FKDL	1	1	0	X		FG01			1070	40	ZPFG	10.08.2026	10.08.2026	1					24,432.35		9004946694			1029		000000000000000000		0000000000	0000	0000000000	0000										5	10.08.2026	1				0				000000000000000000	1070								0		0	00000000	
ROW22|700	003004362678	0001	E		000	00000000					000000	0000		0	1	45	0	TO	TO	000000000015000177	0	0			10.08.2026		000000000000	0.0	X	0.0		X			1003	FRNC	1	1	0	X		FG01			1003	40	ZPFG	10.08.2026	10.08.2026	1					138,216.60		9004946713			1008		000000000000000000		0000000000	0000	0000000000	0000										1	10.08.2026	1				0				000000000000000000	1003								0		0	00000000	
ROW23|700	003004362685	0001	E		000	00000000					000000	0000		0	42	0	0	TO	TO	000000000015000177	0	0					000000000000	0.0	X	0.0		X			1304	FEGU	1	1	0			FG01			1304	40	ZPFG	10.08.2026	10.08.2026	1					0.00		9004946729			1309		000000000000000000		0000000000	0000	0000000000	0000										42	10.08.2026	1				0				000000000000000000	1304								0		0	00000000	
ROW24|700	003004362700	0001	E		000	00000000					000000	0000		0	1	45	0	TO	TO	000000000015000177	0	0			10.08.2026		000000000000	0.0	X	0.0		X			1003	FRNC	1	1	0	X		FG01			1003	40	ZPFG	10.08.2026	10.08.2026	1					138,216.60		9004946752			1008		000000000000000000		0000000000	0000	0000000000	0000										1	10.08.2026	1				0				000000000000000000	1003								0		0	00000000	
ROW25|700	003004362789	0001	E		000	00000000					000000	0000		0	45	42	0	TO	TO	000000000015000177	0	0			10.08.2026		000000000000	0.0	X	0.0		X			1003	FRNC	1	1	0			FG01			1003	40	ZPFG	10.08.2026	10.08.2026	1					129,002.16		9004946938			1008		000000000000000000		0000000000	0000	0000000000	0000										45	10.08.2026	1				0				000000000000000000	1003								0		0	00000000	
ROW26|700	003004362790	0001	E		000	00000000					000000	0000		0	45	42	0	TO	TO	000000000015000177	0	0			10.08.2026		000000000000	0.0	X	0.0		X			1003	FRNC	1	1	0			FG01			1003	40	ZPFG	10.08.2026	10.08.2026	1					129,002.16		9004946939			1008		000000000000000000		0000000000	0000	0000000000	0000										45	10.08.2026	1				0				000000000000000000	1003								0		0	00000000	
ROW27|700	003004362794	0001	E		000	00000000					000000	0000		0	0.100	0	0	TO	TO	000000000015000177	0	0					000000000000	0.0	X	0.0		X			1000	FBWR	1	1	0			FG01			1000	40	ZPFG	10.08.2026	10.08.2026	1					0.00		9004946945			1008		000000000000000000		0000000000	0000	0000000000	0000										0.100	10.08.2026	1				0				000000000000000000	1000								0		0	00000000	
ROW28|700	003004362797	0001	E		000	00000000					000000	0000		0	3	3	0	TO	TO	000000000015000177	0	0			10.08.2026		000000000000	0.0	X	0.0		X			1070	FKDL	1	1	0	X		FG01			1070	40	ZPFG	10.08.2026	10.08.2026	1					14,659.41		9004946950			1029		000000000000000000		0000000000	0000	0000000000	0000										3	10.08.2026	1				0				000000000000000000	1070								0		0	00000000	
ROW29|700	003004362799	0001	E		000	00000000					000000	0000		0	41.500	0	0	TO	TO	000000000015000177	0	0					000000000000	0.0	X	0.0		X			1004	FNWL	1	1	0			FG01			1004	40	ZPFG	10.08.2026	10.08.2026	1					0.00		9004946953			1008		000000000000000000		0000000000	0000	0000000000	0000										41.500	10.08.2026	1				0				000000000000000000	1004								0		0	00000000	
ROW30|700	003004362800	0001	E		000	00000000					000000	0000		0	42	42	0	TO	TO	000000000015000177	0	0			11.08.2026		000000000000	0.0	X	0.0		X			1004	FNWL	1	1	0	X		FG01			1004	40	ZPFG	10.08.2026	10.08.2026	1					117,206.46		9004946954			1008		000000000000000000		0000000000	0000	0000000000	0000										42	10.08.2026	1				0				000000000000000000	1004								0		0	00000000	
ROW31|700	003004362813	0001	E		000	00000000					000000	0000		0	90	0	0	TO	TO	000000000015000177	0	0					000000000000	0.0	X	0.0		X			1004	FNWL	1	1	0			FG01			1004	40	ZPFG	10.08.2026	10.08.2026	1					0.00		9004946971			1008		000000000000000000		0000000000	0000	0000000000	0000										90	10.08.2026	1				0				000000000000000000	1004								0		0	00000000	
ROW32|700	003004362814	0001	E		000	00000000					000000	0000		0	42	0	0	TO	TO	000000000015000177	0	0					000000000000	0.0	X	0.0		X			1004	FNWL	1	1	0			FG01			1004	40	ZPFG	10.08.2026	10.08.2026	1					0.00		9004946972			1008		000000000000000000		0000000000	0000	0000000000	0000										42	10.08.2026	1				0				000000000000000000	1004								0		0	00000000	
ROW33|700	003004362815	0001	E		000	00000000					000000	0000		0	42	42	0	TO	TO	000000000015000177	0	0			11.08.2026		000000000000	0.0	X	0.0		X			1004	FNWL	1	1	0	X		FG01			1004	40	ZPFG	10.08.2026	10.08.2026	1					117,206.46		9004946973			1008		000000000000000000		0000000000	0000	0000000000	0000										42	10.08.2026	1				0				000000000000000000	1004								0		0	00000000	
ROW34|700	003004362820	0001	E		000	00000000					000000	0000		0	60	43	0	TO	TO	000000000015000177	0	0			10.08.2026		000000000000	0.0	X	0.0		X			1004	FNWL	1	1	0			FG01			1004	40	ZPFG	10.08.2026	10.08.2026	1					119,997.09		9004946979			1008		000000000000000000		0000000000	0000	0000000000	0000										60	10.08.2026	1				0				000000000000000000	1004								0		0	00000000	
ROW35|700	003004362822	0001	E		000	00000000					000000	0000		0	42	0	0	TO	TO	000000000015000177	0	0					000000000000	0.0	X	0.0		X			1004	FNWL	1	1	0			FG01			1004	40	ZPFG	10.08.2026	10.08.2026	1					0.00		9004946981			1008		000000000000000000		0000000000	0000	0000000000	0000										42	10.08.2026	1				0				000000000000000000	1004								0		0	00000000	
ROW36|700	003004362825	0001	E		000	00000000					000000	0000		0	42	42	0	TO	TO	000000000015000177	0	0			10.08.2026		000000000000	0.0	X	0.0		X			1004	FNWL	1	1	0	X		FG01			1004	40	ZPFG	10.08.2026	10.08.2026	1					117,206.46		9004946984			1008		000000000000000000		0000000000	0000	0000000000	0000										42	10.08.2026	1				0				000000000000000000	1004								0		0	00000000	
ROW37|700	003004362828	0001	E		000	00000000					000000	0000		0	42	0	0	TO	TO	000000000015000177	0	0					000000000000	0.0	X	0.0		X			1004	FNWL	1	1	0			FG01			1004	40	ZPFG	10.08.2026	10.08.2026	1					0.00		9004946987			1008		000000000000000000		0000000000	0000	0000000000	0000										42	10.08.2026	1				0				000000000000000000	1004								0		0	00000000	
ROW38|700	003004362829	0001	E		000	00000000					000000	0000		0	42	0	0	TO	TO	000000000015000177	0	0					000000000000	0.0	X	0.0		X			1004	FNWL	1	1	0			FG01			1004	40	ZPFG	10.08.2026	10.08.2026	1					0.00		9004946988			1008		000000000000000000		0000000000	0000	0000000000	0000										42	10.08.2026	1				0				000000000000000000	1004								0		0	00000000	
ROW39|700	003004362830	0001	E		000	00000000					000000	0000		0	42	0	0	TO	TO	000000000015000177	0	0					000000000000	0.0	X	0.0		X			1004	FNWL	1	1	0			FG01			1004	40	ZPFG	10.08.2026	10.08.2026	1					0.00		9004946989			1008		000000000000000000		0000000000	0000	0000000000	0000										42	10.08.2026	1				0				000000000000000000	1004								0		0	00000000	
ROW40|700	003004362832	0001	E		000	00000000					000000	0000		0	45	0	0	TO	TO	000000000015000177	0	0					000000000000	0.0	X	0.0		X			1007	FRGU	1	1	0			FG01			1007	40	ZPFG	10.08.2026	10.08.2026	1					0.00		9004946992			1005		000000000000000000		0000000000	0000	0000000000	0000										45	10.08.2026	1				0				000000000000000000	1007								0		0	00000000	
ROW41|700	003004362833	0001	E		000	00000000					000000	0000		0	37	0	0	TO	TO	000000000015000177	0	0					000000000000	0.0	X	0.0		X			1004	FNWL	1	1	0			FG01			1004	40	ZPFG	10.08.2026	10.08.2026	1					0.00		9004946993			1008		000000000000000000		0000000000	0000	0000000000	0000										37	10.08.2026	1				0				000000000000000000	1004								0		0	00000000	
ROW42|700	003004362834	0001	E		000	00000000					000000	0000		0	45	0	0	TO	TO	000000000015000177	0	0					000000000000	0.0	X	0.0		X			1007	FRGU	1	1	0			FG01			1007	40	ZPFG	10.08.2026	10.08.2026	1					0.00		9004946995			1005		000000000000000000		0000000000	0000	0000000000	0000										45	10.08.2026	1				0				000000000000000000	1007								0		0	00000000	
ROW43|700	003004362839	0001	E		000	00000000					000000	0000		0	42	0	0	TO	TO	000000000015000177	0	0					000000000000	0.0	X	0.0		X			1004	FNWL	1	1	0			FG01			1004	40	ZPFG	10.08.2026	10.08.2026	1					0.00		9004947000			1008		000000000000000000		0000000000	0000	0000000000	0000										42	10.08.2026	1				0				000000000000000000	1004								0		0	00000000	
ROW44|700	003004362841	0001	E		000	00000000					000000	0000		0	45	45	0	TO	TO	000000000015000177	0	0			11.08.2026		000000000000	0.0	X	0.0		X			1004	FNWL	1	1	0	X		FG01			1004	40	ZPFG	10.08.2026	10.08.2026	1					125,578.35		9004947003			1008		000000000000000000		0000000000	0000	0000000000	0000										45	10.08.2026	1				0				000000000000000000	1004								0		0	00000000	
ROW45|700	003004362843	0001	E		000	00000000					000000	0000		0	45	0	0	TO	TO	000000000015000177	0	0					000000000000	0.0	X	0.0		X			1004	FNWL	1	1	0			FG01			1004	40	ZPFG	10.08.2026	10.08.2026	1					0.00		9004947005			1008		000000000000000000		0000000000	0000	0000000000	0000										45	10.08.2026	1				0				000000000000000000	1004								0		0	00000000	
ROW46|700	003004362844	0001	E		000	00000000					000000	0000		0	42	42	0	TO	TO	000000000015000177	0	0			10.08.2026		000000000000	0.0	X	0.0		X			1004	FNWL	1	1	0	X		FG01			1004	40	ZPFG	10.08.2026	10.08.2026	1					117,206.46		9004947006			1008		000000000000000000		0000000000	0000	0000000000	0000										42	10.08.2026	1				0				000000000000000000	1004								0		0	00000000	
ROW47|700	003004362857	0001	E		000	00000000					000000	0000		0	25	0	0	TO	TO	000000000015000177	0	0					000000000000	0.0	X	0.0		X			1045	FOCP	1	1	0			FG01			1045	40	ZPFG	10.08.2026	10.08.2026	1					0.00		9004947028			1021		000000000000000000		0000000000	0000	0000000000	0000										25	10.08.2026	1				0				000000000000000000	1045								0		0	00000000	
ROW48|700	003004362861	0001	E		000	00000000					000000	0000		0	42	42	0	TO	TO	000000000015000177	0	0			11.08.2026		000000000000	0.0	X	0.0		X			1004	FNWL	1	1	0	X		FG01			1004	40	ZPFG	10.08.2026	10.08.2026	1					117,206.46		9004947033			1008		000000000000000000		0000000000	0000	0000000000	0000										42	10.08.2026	1				0				000000000000000000	1004								0		0	00000000	
ROW49|700	003004362927	0001	E		000	00000000					000000	0000		0	7	7	0	TO	TO	000000000015000177	0	0			10.08.2026		000000000000	0.0	X	0.0		X			1070	FKDL	1	1	0	X		FG01			1070	40	ZPFG	10.08.2026	10.08.2026	1					34,205.29		9004947149			1029		000000000000000000		0000000000	0000	0000000000	0000										7	10.08.2026	1				0				000000000000000000	1070								0		0	00000000	
ROW50|700	003004362952	0001	E		000	00000000					000000	0000		0	45	43	0	TO	TO	000000000015000177	0	0			10.08.2026		000000000000	0.0	X	0.0		X			1003	FRNC	1	1	0			FG01			1003	40	ZPFG	10.08.2026	10.08.2026	1					132,073.64		9004947210			1008		000000000000000000		0000000000	0000	0000000000	0000										45	10.08.2026	1				0				000000000000000000	1003								0		0	00000000	
ROW51|700	003004362966	0001	E		000	00000000					000000	0000		0	7	0	0	TO	TO	000000000015000177	0	0					000000000000	0.0	X	0.0		X			1304	FEGU	1	1	0			FG01			1304	40	ZPFG	10.08.2026	10.08.2026	1					0.00		9004947232			1309		000000000000000000		0000000000	0000	0000000000	0000										7	10.08.2026	1				0				000000000000000000	1304								0		0	00000000	
ROW52|700	003004363037	0001	E		000	00000000					000000	0000		0	65	43	0	TO	TO	000000000015000177	0	0			10.08.2026		000000000000	0.0	X	0.0		X			1004	FNWL	1	1	0			FG01			1004	40	ZPFG	10.08.2026	10.08.2026	1					119,997.09		9004947379			1008		000000000000000000		0000000000	0000	0000000000	0000										65	10.08.2026	1				0				000000000000000000	1004								0		0	00000000	
ROW53|700	003004363049	0001	E		000	00000000					000000	0000		0	528	527.200	0	TO	TO	000000000015000177	0	0			10.08.2026		000000000000	0.0	X	0.0		X			1003	FRNC	1	1	0			FG01			1003	40	ZPFG	10.08.2026	10.08.2026	1					1,619,284.26		9004947464			1008		000000000000000000		0000000000	0000	0000000000	0000										528	10.08.2026	1				0				000000000000000000	1003								0		0	00000000	
ROW54|700	003004363052	0001	E		000	00000000					000000	0000		0	41.900	0	0	TO	TO	000000000015000177	0	0					000000000000	0.0	X	0.0		X			1004	FNWL	1	1	0			FG01			1004	40	ZPFG	10.08.2026	10.08.2026	1					0.00		9004947488			1008		000000000000000000		0000000000	0000	0000000000	0000										41.900	10.08.2026	1				0				000000000000000000	1004								0		0	00000000	
ROW55|700	003004363058	0001	E		000	00000000					000000	0000		0	20	0	0	TO	TO	000000000015000177	0	0					000000000000	0.0	X	0.0		X			1007	FRGU	1	1	0			FG01			1007	40	ZPFG	10.08.2026	10.08.2026	1					0.00		9004947496			1005		000000000000000000		0000000000	0000	0000000000	0000										20	10.08.2026	1				0				000000000000000000	1007								0		0	00000000	
ROW56|700	003004363060	0001	E		000	00000000					000000	0000		0	20	0	0	TO	TO	000000000015000177	0	0					000000000000	0.0	X	0.0		X			1007	FRGU	1	1	0			FG01			1007	40	ZPFG	10.08.2026	10.08.2026	1					0.00		9004947498			1005		000000000000000000		0000000000	0000	0000000000	0000										20	10.08.2026	1				0				000000000000000000	1007								0		0	00000000	
ROW57|700	003004363094	0001	E		000	00000000					000000	0000		0	50	50	0	TO	TO	000000000015000177	0	0			10.08.2026		000000000000	0.0	X	0.0		X			1009	FBCU	1	1	0	X		FG01			1009	40	ZPFG	10.08.2026	10.08.2026	1					184,247.00		9004947571			1008		000000000000000000		0000000000	0000	0000000000	0000										50	10.08.2026	1				0				000000000000000000	1009								0		0	00000000	
ROW58|700	003004363095	0001	E		000	00000000					000000	0000		0	50	50	0	TO	TO	000000000015000177	0	0			10.08.2026		000000000000	0.0	X	0.0		X			1009	FBCU	1	1	0	X		FG01			1009	40	ZPFG	10.08.2026	10.08.2026	1					184,247.00		9004947572			1008		000000000000000000		0000000000	0000	0000000000	0000										50	10.08.2026	1				0				000000000000000000	1009								0		0	00000000	
ROW59|700	003004363103	0001	E		000	00000000					000000	0000		0	42	42	0	TO	TO	000000000015000177	0	0			10.08.2026		000000000000	0.0	X	0.0		X			1004	FNWL	1	1	0	X		FG01			1004	40	ZPFG	10.08.2026	10.08.2026	1					117,206.46		9004947584			1008		000000000000000000		0000000000	0000	0000000000	0000										42	10.08.2026	1				0				000000000000000000	1004								0		0	00000000	
ROW60|700	003004363124	0001	E		000	00000000					000000	0000		0	42	42	0	TO	TO	000000000015000177	0	0			10.08.2026		000000000000	0.0	X	0.0		X			1004	FNWL	1	1	0	X		FG01			1004	40	ZPFG	10.08.2026	10.08.2026	1					117,206.46		9004947669			1008		000000000000000000		0000000000	0000	0000000000	0000										42	10.08.2026	1				0				000000000000000000	1004								0		0	00000000	
ROW61|700	003004363142	0001	E		000	00000000					000000	0000		0	40	40	0	TO	TO	000000000015000177	0	0			11.08.2026		000000000000	0.0	X	0.0		X			1046	FNRC	1	1	0	X		FG01			1046	40	ZPFG	10.08.2026	10.08.2026	1					110,867.20		9004947690			1022		000000000000000000		0000000000	0000	0000000000	0000										40	10.08.2026	1				0				000000000000000000	1046								0		0	00000000	
ROW62|700	003004363164	0001	E		000	00000000					000000	0000		0	42	41.500	0	TO	TO	000000000015000177	0	0			10.08.2026		000000000000	0.0	X	0.0		X			1000	FBWR	1	1	0			FG01			1000	40	ZPFG	10.08.2026	10.08.2026	1					137,084.88		9004947748			1008		000000000000000000		0000000000	0000	0000000000	0000										42	10.08.2026	1				0				000000000000000000	1000								0		0	00000000	
ROW63|700	003004363231	0001	E		000	00000000					000000	0000		0	45	45	0	TO	TO	000000000015000177	0	0			10.08.2026		000000000000	0.0	X	0.0		X			1003	FRNC	1	1	0	X		FG01			1003	40	ZPFG	10.08.2026	10.08.2026	1					138,216.60		9004947891			1008		000000000000000000		0000000000	0000	0000000000	0000										45	10.08.2026	1				0				000000000000000000	1003								0		0	00000000	
ROW64|700	003004363246	0001	E		000	00000000					000000	0000		0	45	45	0	TO	TO	000000000015000177	0	0			11.08.2026		000000000000	0.0	X	0.0		X			1004	FNWL	1	1	0	X		FG01			1004	40	ZPFG	10.08.2026	10.08.2026	1					125,578.35		9004947913			1008		000000000000000000		0000000000	0000	0000000000	0000										45	10.08.2026	1				0				000000000000000000	1004								0		0	00000000	
ROW65|700	003004363249	0001	E		000	00000000					000000	0000		0	42	42	0	TO	TO	000000000015000177	0	0			10.08.2026		000000000000	0.0	X	0.0		X			1004	FNWL	1	1	0	X		FG01			1004	40	ZPFG	10.08.2026	10.08.2026	1					117,206.46		9004947916			1008		000000000000000000		0000000000	0000	0000000000	0000										42	10.08.2026	1				0				000000000000000000	1004								0		0	00000000	
ROW66|700	003004363258	0001	E		000	00000000					000000	0000		0	45	38	0	TO	TO	000000000015000177	0	0			10.08.2026		000000000000	0.0	X	0.0		X			1000	FBWR	1	1	0			FG01			1000	40	ZPFG	10.08.2026	10.08.2026	1					125,523.50		9004947934			1008		000000000000000000		0000000000	0000	0000000000	0000										45	10.08.2026	1				0				000000000000000000	1000								0		0	00000000	
ROW67|700	003004363259	0001	E		000	00000000					000000	0000		0	38	38	0	TO	TO	000000000015000177	0	0			10.08.2026		000000000000	0.0	X	0.0		X			1014	FJWN	1	1	0	X		FG01			1014	40	ZPFG	10.08.2026	10.08.2026	1					117,905.64		9004947935			1008		000000000000000000		0000000000	0000	0000000000	0000										38	10.08.2026	1				0				000000000000000000	1014								0		0	00000000	
ROW68|700	003004363260	0001	E		000	00000000					000000	0000		0	38	38	0	TO	TO	000000000015000177	0	0			10.08.2026		000000000000	0.0	X	0.0		X			1014	FJWN	1	1	0	X		FG01			1014	40	ZPFG	10.08.2026	10.08.2026	1					117,905.64		9004947936			1008		000000000000000000		0000000000	0000	0000000000	0000										38	10.08.2026	1				0				000000000000000000	1014								0		0	00000000	
ROW69|700	003004363261	0001	E		000	00000000					000000	0000		0	38	38	0	TO	TO	000000000015000177	0	0			10.08.2026		000000000000	0.0	X	0.0		X			1014	FJWN	1	1	0	X		FG01			1014	40	ZPFG	10.08.2026	10.08.2026	1					117,905.64		9004947938			1008		000000000000000000		0000000000	0000	0000000000	0000										38	10.08.2026	1				0				000000000000000000	1014								0		0	00000000	
ROW70|700	003004363266	0001	E		000	00000000					000000	0000		0	38	38	0	TO	TO	000000000015000177	0	0			10.08.2026		000000000000	0.0	X	0.0		X			1014	FJWN	1	1	0	X		FG01			1014	40	ZPFG	10.08.2026	10.08.2026	1					117,905.64		9004947943			1008		000000000000000000		0000000000	0000	0000000000	0000										38	10.08.2026	1				0				000000000000000000	1014								0		0	00000000	
ROW71|700	003004363295	0001	E		000	00000000					000000	0000		0	40	0	0	TO	TO	000000000015000177	0	0					000000000000	0.0	X	0.0		X			1304	FEGU	1	1	0			FG01			1304	40	ZPFG	10.08.2026	10.08.2026	1					0.00		9004948010			1309		000000000000000000		0000000000	0000	0000000000	0000										40	10.08.2026	1				0				000000000000000000	1304								0		0	00000000	
ROW72|700	003004363341	0001	E		000	00000000					000000	0000		0	45	45	0	TO	TO	000000000015000177	0	0			10.08.2026		000000000000	0.0	X	0.0		X			1004	FNWL	1	1	0	X		FG01			1004	40	ZPFG	10.08.2026	10.08.2026	1					125,578.35		9004948079			1008		000000000000000000		0000000000	0000	0000000000	0000										45	10.08.2026	1				0				000000000000000000	1004								0		0	00000000	
ROW73|700	003004363345	0001	E		000	00000000					000000	0000		0	42	0	0	TO	TO	000000000015000177	0	0					000000000000	0.0	X	0.0		X			1304	FEGU	1	1	0			FG01			1304	40	ZPFG	10.08.2026	10.08.2026	1					0.00		9004948087			1309		000000000000000000		0000000000	0000	0000000000	0000										42	10.08.2026	1				0				000000000000000000	1304								0		0	00000000	
ROW74|700	003004363347	0001	E		000	00000000					000000	0000		0	40	0	0	TO	TO	000000000015000177	0	0					000000000000	0.0	X	0.0		X			1010	FUPG	1	1	0			FG01			1010	40	ZPFG	10.08.2026	10.08.2026	1					0.00		9004948090			1009		000000000000000000		0000000000	0000	0000000000	0000										40	10.08.2026	1				0				000000000000000000	1010								0		0	00000000	
ROW75|700	003004363351	0001	E		000	00000000					000000	0000		0	50	0	0	TO	TO	000000000015000177	0	0					000000000000	0.0	X	0.0		X			1304	FEGU	1	1	0			FG01			1304	40	ZPFG	10.08.2026	10.08.2026	1					0.00		9004948098			1309		000000000000000000		0000000000	0000	0000000000	0000										50	10.08.2026	1				0				000000000000000000	1304								0		0	00000000	
ROW76|700	003004363354	0001	E		000	00000000					000000	0000		0	40	0	0	TO	TO	000000000015000177	0	0					000000000000	0.0	X	0.0		X			1010	FUPG	1	1	0			FG01			1010	40	ZPFG	10.08.2026	10.08.2026	1					0.00		9004948102			1009		000000000000000000		0000000000	0000	0000000000	0000										40	10.08.2026	1				0				000000000000000000	1010								0		0	00000000	
ROW77|700	003004363356	0001	E		000	00000000					000000	0000		0	40	0	0	TO	TO	000000000015000177	0	0					000000000000	0.0	X	0.0		X			1010	FUPG	1	1	0			FG01			1010	40	ZPFG	10.08.2026	10.08.2026	1					0.00		9004948105			1009		000000000000000000		0000000000	0000	0000000000	0000										40	10.08.2026	1				0				000000000000000000	1010								0		0	00000000	
ROW78|700	003004363358	0001	E		000	00000000					000000	0000		0	45	0	0	TO	TO	000000000015000177	0	0					000000000000	0.0	X	0.0		X			1010	FUPG	1	1	0			FG01			1010	40	ZPFG	10.08.2026	10.08.2026	1					0.00		9004948109			1009		000000000000000000		0000000000	0000	0000000000	0000										45	10.08.2026	1				0				000000000000000000	1010								0		0	00000000	
ROW79|700	003004363359	0001	E		000	00000000					000000	0000		0	45	0	0	TO	TO	000000000015000177	0	0					000000000000	0.0	X	0.0		X			1010	FUPG	1	1	0			FG01			1010	40	ZPFG	10.08.2026	10.08.2026	1					0.00		9004948111			1009		000000000000000000		0000000000	0000	0000000000	0000										45	10.08.2026	1				0				000000000000000000	1010								0		0	00000000	
ROW80|700	003004363362	0001	E		000	00000000					000000	0000		0	45	0	0	TO	TO	000000000015000177	0	0					000000000000	0.0	X	0.0		X			1010	FUPG	1	1	0			FG01			1010	40	ZPFG	10.08.2026	10.08.2026	1					0.00		9004948118			1009		000000000000000000		0000000000	0000	0000000000	0000										45	10.08.2026	1				0				000000000000000000	1010								0		0	00000000	
ROW81|700	003004363393	0001	E		000	00000000					000000	0000		0	42	0	0	TO	TO	000000000015000177	0	0					000000000000	0.0	X	0.0		X			1010	FUPG	1	1	0			FG01			1010	40	ZPFG	10.08.2026	10.08.2026	1					0.00		9004948198			1009		000000000000000000		0000000000	0000	0000000000	0000										42	10.08.2026	1				0				000000000000000000	1010								0		0	00000000	
ROW82|700	003004363396	0001	E		000	00000000					000000	0000		0	40	0	0	TO	TO	000000000015000177	0	0					000000000000	0.0	X	0.0		X			1010	FUPG	1	1	0			FG01			1010	40	ZPFG	10.08.2026	10.08.2026	1					0.00		9004948203			1009		000000000000000000		0000000000	0000	0000000000	0000										40	10.08.2026	1				0				000000000000000000	1010								0		0	00000000	
ROW83|700	003004363399	0001	E		000	00000000					000000	0000		0	42	0	0	TO	TO	000000000015000177	0	0					000000000000	0.0	X	0.0		X			1010	FUPG	1	1	0			FG01			1010	40	ZPFG	10.08.2026	10.08.2026	1					0.00		9004948206			1009		000000000000000000		0000000000	0000	0000000000	0000										42	10.08.2026	1				0				000000000000000000	1010								0		0	00000000	
ROW84|700	003004363401	0001	E		000	00000000					000000	0000		0	45	0	0	TO	TO	000000000015000177	0	0					000000000000	0.0	X	0.0		X			1010	FUPG	1	1	0			FG01			1010	40	ZPFG	10.08.2026	10.08.2026	1					0.00		9004948213			1009		000000000000000000		0000000000	0000	0000000000	0000										45	10.08.2026	1				0				000000000000000000	1010								0		0	00000000	
ROW85|700	003004363405	0001	E		000	00000000					000000	0000		0	40	0	0	TO	TO	000000000015000177	0	0					000000000000	0.0	X	0.0		X			1010	FUPG	1	1	0			FG01			1010	40	ZPFG	10.08.2026	10.08.2026	1					0.00		9004948224			1009		000000000000000000		0000000000	0000	0000000000	0000										40	10.08.2026	1				0				000000000000000000	1010								0		0	00000000	
ROW86|700	003004363407	0001	E		000	00000000					000000	0000		0	45	0	0	TO	TO	000000000015000177	0	0					000000000000	0.0	X	0.0		X			1010	FUPG	1	1	0			FG01			1010	40	ZPFG	10.08.2026	10.08.2026	1					0.00		9004948230			1009		000000000000000000		0000000000	0000	0000000000	0000										45	10.08.2026	1				0				000000000000000000	1010								0		0	00000000	
ROW87|700	003004363409	0001	E		000	00000000					000000	0000		0	45	0	0	TO	TO	000000000015000177	0	0					000000000000	0.0	X	0.0		X			1010	FUPG	1	1	0			FG01			1010	40	ZPFG	10.08.2026	10.08.2026	1					0.00		9004948235			1009		000000000000000000		0000000000	0000	0000000000	0000										45	10.08.2026	1				0				000000000000000000	1010								0		0	00000000	
ROW88|700	003004363412	0001	E		000	00000000					000000	0000		0	45	0	0	TO	TO	000000000015000177	0	0					000000000000	0.0	X	0.0		X			1010	FUPG	1	1	0			FG01			1010	40	ZPFG	10.08.2026	10.08.2026	1					0.00		9004948240			1009		000000000000000000		0000000000	0000	0000000000	0000										45	10.08.2026	1				0				000000000000000000	1010								0		0	00000000	
ROW89|700	003004363413	0001	E		000	00000000					000000	0000		0	45	0	0	TO	TO	000000000015000177	0	0					000000000000	0.0	X	0.0		X			1010	FUPG	1	1	0			FG01			1010	40	ZPFG	10.08.2026	10.08.2026	1					0.00		9004948242			1009		000000000000000000		0000000000	0000	0000000000	0000										45	10.08.2026	1				0				000000000000000000	1010								0		0	00000000	
ROW90|700	003004363414	0001	E		000	00000000					000000	0000		0	45	0	0	TO	TO	000000000015000177	0	0					000000000000	0.0	X	0.0		X			1010	FUPG	1	1	0			FG01			1010	40	ZPFG	10.08.2026	10.08.2026	1					0.00		9004948243			1009		000000000000000000		0000000000	0000	0000000000	0000										45	10.08.2026	1				0				000000000000000000	1010								0		0	00000000	
ROW91|700	003004363415	0001	E		000	00000000					000000	0000		0	42	0	0	TO	TO	000000000015000177	0	0					000000000000	0.0	X	0.0		X			1010	FUPG	1	1	0			FG01			1010	40	ZPFG	10.08.2026	10.08.2026	1					0.00		9004948245			1009		000000000000000000		0000000000	0000	0000000000	0000										42	10.08.2026	1				0				000000000000000000	1010								0		0	00000000	
ROW92|700	003004363417	0001	E		000	00000000					000000	0000		0	25	25	0	TO	TO	000000000015000177	0	0			10.08.2026		000000000000	0.0	X	0.0		X			1045	FOCP	1	1	0	X		FG01			1045	40	ZPFG	10.08.2026	10.08.2026	1					174,475.50		9004948249			1021		000000000000000000		0000000000	0000	0000000000	0000										25	10.08.2026	1				0				000000000000000000	1045								0		0	00000000	
ROW93|700	003004363418	0001	E		000	00000000					000000	0000		0	45	0	0	TO	TO	000000000015000177	0	0					000000000000	0.0	X	0.0		X			1010	FUPG	1	1	0			FG01			1010	40	ZPFG	10.08.2026	10.08.2026	1					0.00		9004948250			1009		000000000000000000		0000000000	0000	0000000000	0000										45	10.08.2026	1				0				000000000000000000	1010								0		0	00000000	
ROW94|700	003004363419	0001	E		000	00000000					000000	0000		0	45	0	0	TO	TO	000000000015000177	0	0					000000000000	0.0	X	0.0		X			1010	FUPG	1	1	0			FG01			1010	40	ZPFG	10.08.2026	10.08.2026	1					0.00		9004948251			1009		000000000000000000		0000000000	0000	0000000000	0000										45	10.08.2026	1				0				000000000000000000	1010								0		0	00000000	
ROW95|700	003004363421	0001	E		000	00000000					000000	0000		0	45	0	0	TO	TO	000000000015000177	0	0					000000000000	0.0	X	0.0		X			1010	FUPG	1	1	0			FG01			1010	40	ZPFG	10.08.2026	10.08.2026	1					0.00		9004948256			1009		000000000000000000		0000000000	0000	0000000000	0000										45	10.08.2026	1				0				000000000000000000	1010								0		0	00000000	
ROW96|700	003004363445	0001	E		000	00000000					000000	0000		0	10	10	0	TO	TO	000000000015000177	0	0			10.08.2026		000000000000	0.0	X	0.0		X			1004	FNWL	1	1	0	X		FG01			1004	40	ZPFG	10.08.2026	10.08.2026	1					27,906.30		9004948302			1008		000000000000000000		0000000000	0000	0000000000	0000										10	10.08.2026	1				0				000000000000000000	1004								0		0	00000000	
ROW97|700	003004363452	0001	E		000	00000000					000000	0000		0	45	41.300	0	TO	TO	000000000015000177	0	0			10.08.2026		000000000000	0.0	X	0.0		X			1000	FBWR	1	1	0			FG01			1000	40	ZPFG	10.08.2026	10.08.2026	1					136,424.23		9004948313			1008		000000000000000000		0000000000	0000	0000000000	0000										45	10.08.2026	1				0				000000000000000000	1000								0		0	00000000	
ROW98|700	003004363460	0001	E		000	00000000					000000	0000		0	45	0	0	TO	TO	000000000015000177	0	0					000000000000	0.0	X	0.0		X			1004	FNWL	1	1	0			FG01			1004	40	ZPFG	10.08.2026	10.08.2026	1					0.00		9004948330			1008		000000000000000000		0000000000	0000	0000000000	0000										45	10.08.2026	1				0				000000000000000000	1004								0		0	00000000	
ROW99|700	003004363465	0001	E		000	00000000					000000	0000		0	42	0	0	TO	TO	000000000015000177	0	0					000000000000	0.0	X	0.0		X			1004	FNWL	1	1	0			FG01			1004	40	ZPFG	10.08.2026	10.08.2026	1					0.00		9004948342			1008		000000000000000000		0000000000	0000	0000000000	0000										42	10.08.2026	1				0				000000000000000000	1004								0		0	00000000	
ROW100|700	003004363467	0001	E		000	00000000					000000	0000		0	42	0	0	TO	TO	000000000015000177	0	0					000000000000	0.0	X	0.0		X			1004	FNWL	1	1	0			FG01			1004	40	ZPFG	10.08.2026	10.08.2026	1					0.00		9004948345			1008		000000000000000000		0000000000	0000	0000000000	0000										42	10.08.2026	1				0				000000000000000000	1004								0		0	00000000	
ROW101|700	003004363472	0001	E		000	00000000					000000	0000		0	30	30	0	TO	TO	000000000015000177	0	0			10.08.2026		000000000000	0.0	X	0.0		X			1046	FNRC	1	1	0	X		FG01			1046	40	ZPFG	10.08.2026	10.08.2026	1					83,150.40		9004948366			1022		000000000000000000		0000000000	0000	0000000000	0000										30	10.08.2026	1				0				000000000000000000	1046								0		0	00000000	
ROW102|700	003004363502	0001	E		000	00000000					000000	0000		0	42	42	0	TO	TO	000000000015000177	0	0			11.08.2026		000000000000	0.0	X	0.0		X			1004	FNWL	1	1	0	X		FG01			1004	40	ZPFG	10.08.2026	10.08.2026	1					117,206.46		9004948416			1008		000000000000000000		0000000000	0000	0000000000	0000										42	10.08.2026	1				0				000000000000000000	1004								0		0	00000000	
ROW103|700	003004363505	0001	E		000	00000000					000000	0000		0	42	44	0	TO	TO	000000000015000177	0	0			10.08.2026		000000000000	0.0	X	0.0		X			1003	FRNC	1	1	0	X		FG01			1003	40	ZPFG	10.08.2026	10.08.2026	1					135,145.12		9004948422			1008		000000000000000000		0000000000	0000	0000000000	0000										42	10.08.2026	1				0				000000000000000000	1003								0		0	00000000	
ROW104|700	003004363506	0001	E		000	00000000					000000	0000		0	45	45	0	TO	TO	000000000015000177	0	0			10.08.2026		000000000000	0.0	X	0.0		X			1003	FRNC	1	1	0	X		FG01			1003	40	ZPFG	10.08.2026	10.08.2026	1					138,216.60		9004948423			1008		000000000000000000		0000000000	0000	0000000000	0000										45	10.08.2026	1				0				000000000000000000	1003								0		0	00000000	
ROW105|700	003004363523	0001	E		000	00000000					000000	0000		0	45	43	0	TO	TO	000000000015000177	0	0			10.08.2026		000000000000	0.0	X	0.0		X			1003	FRNC	1	1	0			FG01			1003	40	ZPFG	10.08.2026	10.08.2026	1					132,073.64		9004948462			1008		000000000000000000		0000000000	0000	0000000000	0000										45	10.08.2026	1				0				000000000000000000	1003								0		0	00000000	
ROW106|700	003004363525	0001	E		000	00000000					000000	0000		0	40	42.500	0	TO	TO	000000000015000177	0	0			10.08.2026		000000000000	0.0	X	0.0		X			1003	FRNC	1	1	0	X		FG01			1003	40	ZPFG	10.08.2026	10.08.2026	1					130,537.90		9004948464			1008		000000000000000000		0000000000	0000	0000000000	0000										40	10.08.2026	1				0				000000000000000000	1003								0		0	00000000	
ROW107|700	003004363526	0001	E		000	00000000					000000	0000		0	45	0	0	TO	TO	000000000015000177	0	0					000000000000	0.0	X	0.0		X			1003	FRNC	1	1	0			FG01			1003	40	ZPFG	10.08.2026	10.08.2026	1					0.00		9004948465			1008		000000000000000000		0000000000	0000	0000000000	0000										45	10.08.2026	1				0				000000000000000000	1003								0		0	00000000	
ROW108|700	003004363527	0001	E		000	00000000					000000	0000		0	43	43	0	TO	TO	000000000015000177	0	0			10.08.2026		000000000000	0.0	X	0.0		X			1003	FRNC	1	1	0	X		FG01			1003	40	ZPFG	10.08.2026	10.08.2026	1					132,073.64		9004948466			1008		000000000000000000		0000000000	0000	0000000000	0000										43	10.08.2026	1				0				000000000000000000	1003								0		0	00000000	
ROW109|700	003004363532	0001	E		000	00000000					000000	0000		0	40	0	0	TO	TO	000000000015000177	0	0					000000000000	0.0	X	0.0		X			1304	FEGU	1	1	0			FG01			1304	40	ZPFG	10.08.2026	10.08.2026	1					0.00		9004948472			1309		000000000000000000		0000000000	0000	0000000000	0000										40	10.08.2026	1				0				000000000000000000	1304								0		0	00000000	
ROW110|700	003004363549	0001	E		000	00000000					000000	0000		0	0.100	0.100	0	TO	TO	000000000015000177	0	0			10.08.2026		000000000000	0.0	X	0.0		X			1000	FBWR	1	1	0	X		FG01			1000	40	ZPFG	10.08.2026	10.08.2026	1					330.33		9004948502			1008		000000000000000000		0000000000	0000	0000000000	0000										0.100	10.08.2026	1				0				000000000000000000	1000								0		0	00000000	
ROW111|700	003004363551	0001	E		000	00000000					000000	0000		0	40	0	0	TO	TO	000000000015000177	0	0					000000000000	0.0	X	0.0		X			1004	FNWL	1	1	0			FG01			1004	40	ZPFG	10.08.2026	10.08.2026	1					0.00		9004948506			1008		000000000000000000		0000000000	0000	0000000000	0000										40	10.08.2026	1				0				000000000000000000	1004								0		0	00000000	
ROW112|700	003004363552	0001	E		000	00000000					000000	0000		0	42	42	0	TO	TO	000000000015000177	0	0			10.08.2026		000000000000	0.0	X	0.0		X			1003	FRNC	1	1	0	X		FG01			1003	40	ZPFG	10.08.2026	10.08.2026	1					129,002.16		9004948507			1008		000000000000000000		0000000000	0000	0000000000	0000										42	10.08.2026	1				0				000000000000000000	1003								0		0	00000000	
ROW113|700	003004363553	0001	E		000	00000000					000000	0000		0	50	0	0	TO	TO	000000000015000177	0	0					000000000000	0.0	X	0.0		X			1004	FNWL	1	1	0			FG01			1004	40	ZPFG	10.08.2026	10.08.2026	1					0.00		9004948509			1008		000000000000000000		0000000000	0000	0000000000	0000										50	10.08.2026	1				0				000000000000000000	1004								0		0	00000000	
ROW114|700	003004363554	0001	E		000	00000000					000000	0000		0	42	45	0	TO	TO	000000000015000177	0	0			10.08.2026		000000000000	0.0	X	0.0		X			1003	FRNC	1	1	0	X		FG01			1003	40	ZPFG	10.08.2026	10.08.2026	1					138,216.60		9004948510			1008		000000000000000000		0000000000	0000	0000000000	0000										42	10.08.2026	1				0				000000000000000000	1003								0		0	00000000	
ROW115|700	003004363557	0001	E		000	00000000					000000	0000		0	42	0	0	TO	TO	000000000015000177	0	0					000000000000	0.0	X	0.0		X			1304	FEGU	1	1	0			FG01			1304	40	ZPFG	10.08.2026	10.08.2026	1					0.00		9004948514			1309		000000000000000000		0000000000	0000	0000000000	0000										42	10.08.2026	1				0				000000000000000000	1304								0		0	00000000	
ROW116|700	003004363567	0001	E		000	00000000					000000	0000		0	50	65	0	TO	TO	000000000015000177	0	0			11.08.2026		000000000000	0.0	X	0.0		X			1004	FNWL	1	1	0	X		FG01			1004	40	ZPFG	10.08.2026	10.08.2026	1					181,390.95		9004948527			1008		000000000000000000		0000000000	0000	0000000000	0000										50	10.08.2026	1				0				000000000000000000	1004								0		0	00000000	
ROW117|700	003004363568	0001	E		000	00000000					000000	0000		0	58	60	0	TO	TO	000000000015000177	0	0			11.08.2026		000000000000	0.0	X	0.0		X			1004	FNWL	1	1	0	X		FG01			1004	40	ZPFG	10.08.2026	10.08.2026	1					167,437.80		9004948528			1008		000000000000000000		0000000000	0000	0000000000	0000										58	10.08.2026	1				0				000000000000000000	1004								0		0	00000000	
ROW118|700	003004363570	0001	E		000	00000000					000000	0000		0	50	50	0	TO	TO	000000000015000177	0	0			11.08.2026		000000000000	0.0	X	0.0		X			1004	FNWL	1	1	0	X		FG01			1004	40	ZPFG	10.08.2026	10.08.2026	1					139,531.50		9004948530			1008		000000000000000000		0000000000	0000	0000000000	0000										50	10.08.2026	1				0				000000000000000000	1004								0		0	00000000	
ROW119|700	003004363571	0001	E		000	00000000					000000	0000		0	50	50	0	TO	TO	000000000015000177	0	0			11.08.2026		000000000000	0.0	X	0.0		X			1004	FNWL	1	1	0	X		FG01			1004	40	ZPFG	10.08.2026	10.08.2026	1					139,531.50		9004948532			1008		000000000000000000		0000000000	0000	0000000000	0000										50	10.08.2026	1				0				000000000000000000	1004								0		0	00000000	
ROW120|700	003004363586	0001	E		000	00000000					000000	0000		0	42	45	0	TO	TO	000000000015000177	0	0			10.08.2026		000000000000	0.0	X	0.0		X			1003	FRNC	1	1	0	X		FG01			1003	40	ZPFG	10.08.2026	10.08.2026	1					138,216.60		9004948562			1008		000000000000000000		0000000000	0000	0000000000	0000										42	10.08.2026	1				0				000000000000000000	1003								0		0	00000000	
ROW121|700	003004363597	0001	E		000	00000000					000000	0000		0	40	40	0	TO	TO	000000000015000177	0	0			10.08.2026		000000000000	0.0	X	0.0		X			1004	FNWL	1	1	0	X		FG01			1004	40	ZPFG	10.08.2026	10.08.2026	1					111,625.20		9004948601			1008		000000000000000000		0000000000	0000	0000000000	0000										40	10.08.2026	1				0				000000000000000000	1004								0		0	00000000	
ROW122|700	003004363599	0001	E		000	00000000					000000	0000		0	45	45	0	TO	TO	000000000015000177	0	0			10.08.2026		000000000000	0.0	X	0.0		X			1009	FBCU	1	1	0	X		FG01			1009	40	ZPFG	10.08.2026	10.08.2026	1					165,822.30		9004948607			1008		000000000000000000		0000000000	0000	0000000000	0000										45	10.08.2026	1				0				000000000000000000	1009								0		0	00000000	
ROW123|700	003004363619	0001	E		000	00000000					000000	0000		0	45	0	0	TO	TO	000000000015000177	0	0					000000000000	0.0	X	0.0		X			1004	FNWL	1	1	0			FG01			1004	40	ZPFG	10.08.2026	10.08.2026	1					0.00		9004948658			1008		000000000000000000		0000000000	0000	0000000000	0000										45	10.08.2026	1				0				000000000000000000	1004								0		0	00000000	
ROW124|700	003004363620	0001	E		000	00000000					000000	0000		0	45	43	0	TO	TO	000000000015000177	0	0			10.08.2026		000000000000	0.0	X	0.0		X			1004	FNWL	1	1	0			FG01			1004	40	ZPFG	10.08.2026	10.08.2026	1					119,997.09		9004948673			1008		000000000000000000		0000000000	0000	0000000000	0000										45	10.08.2026	1				0				000000000000000000	1004								0		0	00000000	
ROW125|700	003004363623	0001	E		000	00000000					000000	0000		0	45	45	0	TO	TO	000000000015000177	0	0			10.08.2026		000000000000	0.0	X	0.0		X			1014	FJWN	1	1	0	X		FG01			1014	40	ZPFG	10.08.2026	10.08.2026	1					139,625.10		9004948678			1008		000000000000000000		0000000000	0000	0000000000	0000										45	10.08.2026	1				0				000000000000000000	1014								0		0	00000000	
ROW126|700	003004363638	0001	E		000	00000000					000000	0000		0	40	0	0	TO	TO	000000000015000177	0	0					000000000000	0.0	X	0.0		X			1004	FNWL	1	1	0			FG01			1004	40	ZPFG	10.08.2026	10.08.2026	1					0.00		9004948705			1008		000000000000000000		0000000000	0000	0000000000	0000										40	10.08.2026	1				0				000000000000000000	1004								0		0	00000000	
ROW127|700	003004363642	0001	E		000	00000000					000000	0000		0	45	42	0	TO	TO	000000000015000177	0	0			10.08.2026		000000000000	0.0	X	0.0		X			1004	FNWL	1	1	0			FG01			1004	40	ZPFG	10.08.2026	10.08.2026	1					117,206.46		9004948712			1008		000000000000000000		0000000000	0000	0000000000	0000										45	10.08.2026	1				0				000000000000000000	1004								0		0	00000000	
ROW128|700	003004363643	0001	E		000	00000000					000000	0000		0	40	0	0	TO	TO	000000000015000177	0	0					000000000000	0.0	X	0.0		X			1004	FNWL	1	1	0			FG01			1004	40	ZPFG	10.08.2026	10.08.2026	1					0.00		9004948715			1008		000000000000000000		0000000000	0000	0000000000	0000										40	10.08.2026	1				0				000000000000000000	1004								0		0	00000000	
ROW129|700	003004363660	0001	E		000	00000000					000000	0000		0	42	0	0	TO	TO	000000000015000177	0	0					000000000000	0.0	X	0.0		X			1004	FNWL	1	1	0			FG01			1004	40	ZPFG	10.08.2026	10.08.2026	1					0.00		9004948772			1008		000000000000000000		0000000000	0000	0000000000	0000										42	10.08.2026	1				0				000000000000000000	1004								0		0	00000000	
ROW130|700	003004363661	0001	E		000	00000000					000000	0000		0	38	0	0	TO	TO	000000000015000177	0	0					000000000000	0.0	X	0.0		X			1004	FNWL	1	1	0			FG01			1004	40	ZPFG	10.08.2026	10.08.2026	1					0.00		9004948776			1008		000000000000000000		0000000000	0000	0000000000	0000										38	10.08.2026	1				0				000000000000000000	1004								0		0	00000000	
ROW131|700	003004363683	0001	E		000	00000000					000000	0000		0	35	0	0	TO	TO	000000000015000177	0	0					000000000000	0.0	X	0.0		X			1046	FNRC	1	1	0			FG01			1046	40	ZPFG	10.08.2026	10.08.2026	1					0.00		9004948814			1022		000000000000000000		0000000000	0000	0000000000	0000										35	10.08.2026	1				0				000000000000000000	1046								0		0	00000000	
ROW132|700	003004363705	0001	E		000	00000000					000000	0000		0	44	0	0	TO	TO	000000000015000177	0	0					000000000000	0.0	X	0.0		X			1004	FNWL	1	1	0			FG01			1004	40	ZPFG	10.08.2026	10.08.2026	1					0.00		9004948864			1008		000000000000000000		0000000000	0000	0000000000	0000										44	10.08.2026	1				0				000000000000000000	1004								0		0	00000000	
ROW133|700	003004363711	0001	E		000	00000000					000000	0000		0	37	0	0	TO	TO	000000000015000177	0	0					000000000000	0.0	X	0.0		X			1004	FNWL	1	1	0			FG01			1004	40	ZPFG	10.08.2026	10.08.2026	1					0.00		9004948881			1008		000000000000000000		0000000000	0000	0000000000	0000										37	10.08.2026	1				0				000000000000000000	1004								0		0	00000000	
ROW134|700	003004363718	0001	E		000	00000000					000000	0000		0	38	0	0	TO	TO	000000000015000177	0	0					000000000000	0.0	X	0.0		X			1014	FJWN	1	1	0			FG01			1014	40	ZPFG	10.08.2026	10.08.2026	1					0.00		9004948900			1008		000000000000000000		0000000000	0000	0000000000	0000										38	10.08.2026	1				0				000000000000000000	1014								0		0	00000000	
ROW135|700	003004363722	0001	E		000	00000000					000000	0000		0	25	25	0	TO	TO	000000000015000177	0	0			10.08.2026		000000000000	0.0	X	0.0		X			1014	FJWN	1	1	0	X		FG01			1014	40	ZPFG	10.08.2026	10.08.2026	1					77,569.50		9004948905			1008		000000000000000000		0000000000	0000	0000000000	0000										25	10.08.2026	1				0				000000000000000000	1014								0		0	00000000	
ROW136|700	003004363728	0001	E		000	00000000					000000	0000		0	45	38	0	TO	TO	000000000015000177	0	0			11.08.2026		000000000000	0.0	X	0.0		X			1014	FJWN	1	1	0			FG01			1014	40	ZPFG	10.08.2026	10.08.2026	1					117,905.64		9004948912			1008		000000000000000000		0000000000	0000	0000000000	0000										45	10.08.2026	1				0				000000000000000000	1014								0		0	00000000	
ROW137|700	003004363729	0001	E		000	00000000					000000	0000		0	45	42	0	TO	TO	000000000015000177	0	0			10.08.2026		000000000000	0.0	X	0.0		X			1014	FJWN	1	1	0			FG01			1014	40	ZPFG	10.08.2026	10.08.2026	1					130,316.76		9004948913			1008		000000000000000000		0000000000	0000	0000000000	0000										45	10.08.2026	1				0				000000000000000000	1014								0		0	00000000	
ROW138|700	003004363767	0001	E		000	00000000					000000	0000		0	44	0	0	TO	TO	000000000015000177	0	0					000000000000	0.0	X	0.0		X			1004	FNWL	1	1	0			FG01			1004	40	ZPFG	10.08.2026	10.08.2026	1					0.00		9004948981			1008		000000000000000000		0000000000	0000	0000000000	0000										44	10.08.2026	1				0				000000000000000000	1004								0		0	00000000	
ROW139|700	003004363824	0001	E		000	00000000					000000	0000		0	40	40	0	TO	TO	000000000015000177	0	0			10.08.2026		000000000000	0.0	X	0.0		X			1070	FKDL	1	1	0	X		FG01			1070	40	ZPFG	10.08.2026	10.08.2026	1					195,458.80		9004949068			1029		000000000000000000		0000000000	0000	0000000000	0000										40	10.08.2026	1				0				000000000000000000	1070								0		0	00000000	
ROW140|700	003004363893	0001	E		000	00000000					000000	0000		0	45	45	0	TO	TO	000000000015000177	0	0			10.08.2026		000000000000	0.0	X	0.0		X			1003	FRNC	1	1	0	X		FG01			1003	40	ZPFG	10.08.2026	10.08.2026	1					138,216.60		9004949247			1008		000000000000000000		0000000000	0000	0000000000	0000										45	10.08.2026	1				0				000000000000000000	1003								0		0	00000000	
ROW141|700	003004363894	0001	E		000	00000000					000000	0000		0	45	45	0	TO	TO	000000000015000177	0	0			10.08.2026		000000000000	0.0	X	0.0		X			1003	FRNC	1	1	0	X		FG01			1003	40	ZPFG	10.08.2026	10.08.2026	1					138,216.60		9004949248			1008		000000000000000000		0000000000	0000	0000000000	0000										45	10.08.2026	1				0				000000000000000000	1003								0		0	00000000	
ROW142|700	003004363902	0001	E		000	00000000					000000	0000		0	42	42	0	TO	TO	000000000015000177	0	0			10.08.2026		000000000000	0.0	X	0.0		X			1003	FRNC	1	1	0	X		FG01			1003	40	ZPFG	10.08.2026	10.08.2026	1					129,002.16		9004949269			1008		000000000000000000		0000000000	0000	0000000000	0000										42	10.08.2026	1				0				000000000000000000	1003								0		0	00000000	
ROW143|700	003004363903	0001	E		000	00000000					000000	0000		0	50	0	0	TO	TO	000000000015000177	0	0					000000000000	0.0	X	0.0		X			1004	FNWL	1	1	0			FG01			1004	40	ZPFG	10.08.2026	10.08.2026	1					0.00		9004949271			1008		000000000000000000		0000000000	0000	0000000000	0000										50	10.08.2026	1				0				000000000000000000	1004								0		0	00000000	
ROW144|700	003004363908	0001	E		000	00000000					000000	0000		0	42	0	0	TO	TO	000000000015000177	0	0					000000000000	0.0	X	0.0		X			1004	FNWL	1	1	0			FG01			1004	40	ZPFG	10.08.2026	10.08.2026	1					0.00		9004949298			1008		000000000000000000		0000000000	0000	0000000000	0000										42	10.08.2026	1				0				000000000000000000	1004								0		0	00000000	
ROW145|700	003004363913	0001	E		000	00000000					000000	0000		0	44	0	0	TO	TO	000000000015000177	0	0					000000000000	0.0	X	0.0		X			1004	FNWL	1	1	0			FG01			1004	40	ZPFG	10.08.2026	10.08.2026	1					0.00		9004949307			1008		000000000000000000		0000000000	0000	0000000000	0000										44	10.08.2026	1				0				000000000000000000	1004								0		0	00000000	
ROW146|700	003004363914	0001	E		000	00000000					000000	0000		0	40	0	0	TO	TO	000000000015000177	0	0					000000000000	0.0	X	0.0		X			1004	FNWL	1	1	0			FG01			1004	40	ZPFG	10.08.2026	10.08.2026	1					0.00		9004949312			1008		000000000000000000		0000000000	0000	0000000000	0000										40	10.08.2026	1				0				000000000000000000	1004								0		0	00000000	
ROW147|700	003004363917	0001	E		000	00000000					000000	0000		0	25	25	0	TO	TO	000000000015000177	0	0			10.08.2026		000000000000	0.0	X	0.0		X			1045	FOCP	1	1	0	X		FG01			1045	40	ZPFG	10.08.2026	10.08.2026	1					174,475.50		9004949330			1021		000000000000000000		0000000000	0000	0000000000	0000										25	10.08.2026	1				0				000000000000000000	1045								0		0	00000000	
ROW148|700	003004363938	0001	E		000	00000000					000000	0000		0	50	0	0	TO	TO	000000000015000177	0	0					000000000000	0.0	X	0.0		X			1004	FNWL	1	1	0			FG01			1004	40	ZPFG	10.08.2026	10.08.2026	1					0.00		9004949357			1008		000000000000000000		0000000000	0000	0000000000	0000										50	10.08.2026	1				0				000000000000000000	1004								0		0	00000000	
ROW149|700	003004363965	0001	E		000	00000000					000000	0000		0	42	42	0	TO	TO	000000000015000177	0	0			10.08.2026		000000000000	0.0	X	0.0		X			1014	FJWN	1	1	0	X		FG01			1014	40	ZPFG	10.08.2026	10.08.2026	1					130,316.76		9004949402			1008		000000000000000000		0000000000	0000	0000000000	0000										42	10.08.2026	1				0				000000000000000000	1014								0		0	00000000	
ROW150|700	003004363966	0001	E		000	00000000					000000	0000		0	38	0	0	TO	TO	000000000015000177	0	0					000000000000	0.0	X	0.0		X			1014	FJWN	1	1	0			FG01			1014	40	ZPFG	10.08.2026	10.08.2026	1					0.00		9004949405			1008		000000000000000000		0000000000	0000	0000000000	0000										38	10.08.2026	1				0				000000000000000000	1014								0		0	00000000	
ROW151|700	003004363967	0001	E		000	00000000					000000	0000		0	42	38	0	TO	TO	000000000015000177	0	0			10.08.2026		000000000000	0.0	X	0.0		X			1014	FJWN	1	1	0			FG01			1014	40	ZPFG	10.08.2026	10.08.2026	1					117,905.64		9004949406			1008		000000000000000000		0000000000	0000	0000000000	0000										42	10.08.2026	1				0				000000000000000000	1014								0		0	00000000	
ROW152|700	003004363973	0001	E		000	00000000					000000	0000		0	44	0	0	TO	TO	000000000015000177	0	0					000000000000	0.0	X	0.0		X			1004	FNWL	1	1	0			FG01			1004	40	ZPFG	10.08.2026	10.08.2026	1					0.00		9004949419			1008		000000000000000000		0000000000	0000	0000000000	0000										44	10.08.2026	1				0				000000000000000000	1004								0		0	00000000	
ROW153|700	003004363975	0001	E		000	00000000					000000	0000		0	38	38	0	TO	TO	000000000015000177	0	0			10.08.2026		000000000000	0.0	X	0.0		X			1006	FJGU	1	1	0	X		FG01			1006	40	ZPFG	10.08.2026	10.08.2026	1					136,369.46		9004949423			1008		000000000000000000		0000000000	0000	0000000000	0000										38	10.08.2026	1				0				000000000000000000	1006								0		0	00000000	
