SESSION|QS4/700 located at connection[0] session[0]|user=QNOVATE8
SELFIELD|ctxtI1-LOW=003004364000
SELFIELD|ctxtI1-HIGH=003004365835
SELFIELD|ctxtI3-LOW=000000000015000177
TABLE|AFPO
TITLE|Data Browser: Table AFPO Select Entries        200
SBAR|Selection restricted to 200 hits
ALV|rows=200|cols=100
HDR|MANDT	AUFNR	POSNR	PSOBS	QUNUM	QUPOS	PROJN	PLNUM	STRMP	ETRMP	KDAUF	KDPOS	KDEIN	BESKZ	PSAMG	PSMNG	WEMNG	IAMNG	AMEIN	MEINS	MATNR	PAMNG	PGMNG	KNTTP	TPAUF	LTRMI	LTRMP	KALNR	UEBTO	UEBTK	UNTTO	INSMK	WEPOS	BWTAR	BWTTY	PWERK	LGORT	UMREZ	UMREN	WEBAZ	ELIKZ	SAFNR	VERID	SERNR	TECHS	DWERK	DAUTY	DAUAT	DGLTP	DGLTS	DFREI	DNREL	VERTO	SOBKZ	KZVBR	WEWRT	WEUNB	ABLAD	WEMPF	CHARG	GSBER	WEAED	CUOBJ	KBNKZ	ARSNR	ARSPS	KRSNR	KRSPS	KCKEY	RTP01	RTP02	RTP03	RTP04	KSVON	KSBIS	OBJNP	NDISR	VFMNG	GSBTR	KZAVC	KZBWS	XLOEK	SERNP	ANZSN	OBJTYPE	CH_PROC	FXPRU	CUOBJ_ROOT	BERID	TECHS_COPY	SGT_SCAT	KUNNR2	FSH_SEASON_YEAR	FSH_SEASON	FSH_COLLECTION	FSH_THEME	FSH_SALLOC_QTY	MILL_OC_AUFNR_U	MILL_OC_RUMNG	MILL_OC_SORT	
ROW0|700	003004364006	0001	E		000	00000000					000000	0000		0	40	40	0	TO	TO	000000000015000177	0	0			10.08.2026		000000000000	0.0	X	0.0		X			1070	FKDL	1	1	0	X		FG01			1070	40	ZPFG	10.08.2026	10.08.2026	1					195,458.80		9004949485			1029		000000000000000000		0000000000	0000	0000000000	0000										40	10.08.2026	1				0				000000000000000000	1070								0		0	00000000	
ROW1|700	003004364024	0001	E		000	00000000					000000	0000		0	45	0	0	TO	TO	000000000015000177	0	0					000000000000	0.0	X	0.0		X			1004	FNWL	1	1	0			FG01			1004	40	ZPFG	10.08.2026	10.08.2026	1					0.00		9004949541			1008		000000000000000000		0000000000	0000	0000000000	0000										45	10.08.2026	1				0				000000000000000000	1004								0		0	00000000	
ROW2|700	003004364034	0001	E		000	00000000					000000	0000		0	15	0	0	TO	TO	000000000015000177	0	0					000000000000	0.0	X	0.0		X			1304	FEGU	1	1	0			FG01			1304	40	ZPFG	10.08.2026	10.08.2026	1					0.00		9004949561			1309		000000000000000000		0000000000	0000	0000000000	0000										15	10.08.2026	1				0				000000000000000000	1304								0		0	00000000	
ROW3|700	003004364048	0001	E		000	00000000					000000	0000		0	50	0	0	TO	TO	000000000015000177	0	0					000000000000	0.0	X	0.0		X			1004	FNWL	1	1	0			FG01			1004	40	ZPFG	10.08.2026	10.08.2026	1					0.00		9004949609			1008		000000000000000000		0000000000	0000	0000000000	0000										50	10.08.2026	1				0				000000000000000000	1004								0		0	00000000	
ROW4|700	003004364107	0001	E		000	00000000					000000	0000		0	42	0	0	TO	TO	000000000015000177	0	0					000000000000	0.0	X	0.0		X			1004	FNWL	1	1	0			FG01			1004	40	ZPFG	10.08.2026	10.08.2026	1					0.00		9004949742			1008		000000000000000000		0000000000	0000	0000000000	0000										42	10.08.2026	1				0				000000000000000000	1004								0		0	00000000	
ROW5|700	003004364125	0001	E		000	00000000					000000	0000		0	45	0	0	TO	TO	000000000015000177	0	0					000000000000	0.0	X	0.0		X			1004	FNWL	1	1	0			FG01			1004	40	ZPFG	10.08.2026	10.08.2026	1					0.00		9004949799			1008		000000000000000000		0000000000	0000	0000000000	0000										45	10.08.2026	1				0				000000000000000000	1004								0		0	00000000	
ROW6|700	003004364126	0001	E		000	00000000					000000	0000		0	45	0	0	TO	TO	000000000015000177	0	0					000000000000	0.0	X	0.0		X			1004	FNWL	1	1	0			FG01			1004	40	ZPFG	10.08.2026	10.08.2026	1					0.00		9004949800			1008		000000000000000000		0000000000	0000	0000000000	0000										45	10.08.2026	1				0				000000000000000000	1004								0		0	00000000	
ROW7|700	003004364127	0001	E		000	00000000					000000	0000		0	42	0	0	TO	TO	000000000015000177	0	0					000000000000	0.0	X	0.0		X			1004	FNWL	1	1	0			FG01			1004	40	ZPFG	10.08.2026	10.08.2026	1					0.00		9004949802			1008		000000000000000000		0000000000	0000	0000000000	0000										42	10.08.2026	1				0				000000000000000000	1004								0		0	00000000	
ROW8|700	003004364135	0001	E		000	00000000					000000	0000		0	42	0	0	TO	TO	000000000015000177	0	0					000000000000	0.0	X	0.0		X			1004	FNWL	1	1	0			FG01			1004	40	ZPFG	10.08.2026	10.08.2026	1					0.00		9004949830			1008		000000000000000000		0000000000	0000	0000000000	0000										42	10.08.2026	1				0				000000000000000000	1004								0		0	00000000	
ROW9|700	003004364138	0001	E		000	00000000					000000	0000		0	42	42	0	TO	TO	000000000015000177	0	0			10.08.2026		000000000000	0.0	X	0.0		X			1003	FRNC	1	1	0	X		FG01			1003	40	ZPFG	10.08.2026	10.08.2026	1					129,002.16		9004949837			1008		000000000000000000		0000000000	0000	0000000000	0000										42	10.08.2026	1				0				000000000000000000	1003								0		0	00000000	
ROW10|700	003004364139	0001	E		000	00000000					000000	0000		0	41	42	0	TO	TO	000000000015000177	0	0			10.08.2026		000000000000	0.0	X	0.0		X			1003	FRNC	1	1	0	X		FG01			1003	40	ZPFG	10.08.2026	10.08.2026	1					129,002.16		9004949838			1008		000000000000000000		0000000000	0000	0000000000	0000										41	10.08.2026	1				0				000000000000000000	1003								0		0	00000000	
ROW11|700	003004364150	0001	E		000	00000000					000000	0000		0	42	42	0	TO	TO	000000000015000177	0	0			10.08.2026		000000000000	0.0	X	0.0		X			1014	FJWN	1	1	0	X		FG01			1014	40	ZPFG	10.08.2026	10.08.2026	1					130,316.76		9004949858			1008		000000000000000000		0000000000	0000	0000000000	0000										42	10.08.2026	1				0				000000000000000000	1014								0		0	00000000	
ROW12|700	003004364151	0001	E		000	00000000					000000	0000		0	25	0	0	TO	TO	000000000015000177	0	0					000000000000	0.0	X	0.0		X			1014	FJWN	1	1	0			FG01			1014	40	ZPFG	10.08.2026	10.08.2026	1					0.00		9004949860			1008		000000000000000000		0000000000	0000	0000000000	0000										25	10.08.2026	1				0				000000000000000000	1014								0		0	00000000	
ROW13|700	003004364204	0001	E		000	00000000					000000	0000		0	42	42	0	TO	TO	000000000015000177	0	0			10.08.2026		000000000000	0.0	X	0.0		X			1002	FRAS	1	1	0	X		FG01			1002	40	ZPFG	10.08.2026	10.08.2026	1					135,449.16		9004949965			1008		000000000000000000		0000000000	0000	0000000000	0000										42	10.08.2026	1				0				000000000000000000	1002								0		0	00000000	
ROW14|700	003004364205	0001	E		000	00000000					000000	0000		0	42	42	0	TO	TO	000000000015000177	0	0			10.08.2026		000000000000	0.0	X	0.0		X			1002	FRAS	1	1	0	X		FG01			1002	40	ZPFG	10.08.2026	10.08.2026	1					135,449.16		9004949967			1008		000000000000000000		0000000000	0000	0000000000	0000										42	10.08.2026	1				0				000000000000000000	1002								0		0	00000000	
ROW15|700	003004364211	0001	E		000	00000000					000000	0000		0	30	30	0	TO	TO	000000000015000177	0	0			11.08.2026		000000000000	0.0	X	0.0		X			1046	FNRC	1	1	0	X		FG01			1046	40	ZPFG	10.08.2026	10.08.2026	1					83,150.40		9004950001			1022		000000000000000000		0000000000	0000	0000000000	0000										30	10.08.2026	1				0				000000000000000000	1046								0		0	00000000	
ROW16|700	003004364264	0001	E		000	00000000					000000	0000		0	45	42	0	TO	TO	000000000015000177	0	0			10.08.2026		000000000000	0.0	X	0.0		X			1003	FRNC	1	1	0			FG01			1003	40	ZPFG	10.08.2026	10.08.2026	1					129,002.16		9004950099			1008		000000000000000000		0000000000	0000	0000000000	0000										45	10.08.2026	1				0				000000000000000000	1003								0		0	00000000	
ROW17|700	003004364266	0001	E		000	00000000					000000	0000		0	45	42	0	TO	TO	000000000015000177	0	0			10.08.2026		000000000000	0.0	X	0.0		X			1003	FRNC	1	1	0			FG01			1003	40	ZPFG	10.08.2026	10.08.2026	1					129,002.16		9004950101			1008		000000000000000000		0000000000	0000	0000000000	0000										45	10.08.2026	1				0				000000000000000000	1003								0		0	00000000	
ROW18|700	003004364268	0001	E		000	00000000					000000	0000		0	45	42	0	TO	TO	000000000015000177	0	0			10.08.2026		000000000000	0.0	X	0.0		X			1003	FRNC	1	1	0			FG01			1003	40	ZPFG	10.08.2026	10.08.2026	1					129,002.16		9004950103			1008		000000000000000000		0000000000	0000	0000000000	0000										45	10.08.2026	1				0				000000000000000000	1003								0		0	00000000	
ROW19|700	003004364270	0001	E		000	00000000					000000	0000		0	45	42	0	TO	TO	000000000015000177	0	0			10.08.2026		000000000000	0.0	X	0.0		X			1003	FRNC	1	1	0			FG01			1003	40	ZPFG	10.08.2026	10.08.2026	1					129,002.16		9004950105			1008		000000000000000000		0000000000	0000	0000000000	0000										45	10.08.2026	1				0				000000000000000000	1003								0		0	00000000	
ROW20|700	003004364271	0001	E		000	00000000					000000	0000		0	45	42	0	TO	TO	000000000015000177	0	0			10.08.2026		000000000000	0.0	X	0.0		X			1003	FRNC	1	1	0			FG01			1003	40	ZPFG	10.08.2026	10.08.2026	1					129,002.16		9004950106			1008		000000000000000000		0000000000	0000	0000000000	0000										45	10.08.2026	1				0				000000000000000000	1003								0		0	00000000	
ROW21|700	003004364273	0001	E		000	00000000					000000	0000		0	42	42	0	TO	TO	000000000015000177	0	0			10.08.2026		000000000000	0.0	X	0.0		X			1003	FRNC	1	1	0	X		FG01			1003	40	ZPFG	10.08.2026	10.08.2026	1					129,002.16		9004950109			1008		000000000000000000		0000000000	0000	0000000000	0000										42	10.08.2026	1				0				000000000000000000	1003								0		0	00000000	
ROW22|700	003004364280	0001	E		000	00000000					000000	0000		0	42	42	0	TO	TO	000000000015000177	0	0			11.08.2026		000000000000	0.0	X	0.0		X			1000	FBWR	1	1	0	X		FG01			1000	40	ZPFG	10.08.2026	10.08.2026	1					138,736.50		9004950127			1008		000000000000000000		0000000000	0000	0000000000	0000										42	10.08.2026	1				0				000000000000000000	1000								0		0	00000000	
ROW23|700	003004364311	0001	E		000	00000000					000000	0000		0	20	0	0	TO	TO	000000000015000177	0	0					000000000000	0.0	X	0.0		X			1014	FJWN	1	1	0			FG01			1014	40	ZPFG	10.08.2026	10.08.2026	1					0.00		9004950178			1008		000000000000000000		0000000000	0000	0000000000	0000										20	10.08.2026	1				0				000000000000000000	1014								0		0	00000000	
ROW24|700	003004364316	0001	E		000	00000000					000000	0000		0	45	0	0	TO	TO	000000000015000177	0	0					000000000000	0.0	X	0.0		X			1014	FJWN	1	1	0			FG01			1014	40	ZPFG	10.08.2026	10.08.2026	1					0.00		9004950183			1008		000000000000000000		0000000000	0000	0000000000	0000										45	10.08.2026	1				0				000000000000000000	1014								0		0	00000000	
ROW25|700	003004364317	0001	E		000	00000000					000000	0000		0	45	45	0	TO	TO	000000000015000177	0	0			11.08.2026		000000000000	0.0	X	0.0		X			1014	FJWN	1	1	0	X		FG01			1014	40	ZPFG	10.08.2026	10.08.2026	1					139,625.10		9004950185			1008		000000000000000000		0000000000	0000	0000000000	0000										45	10.08.2026	1				0				000000000000000000	1014								0		0	00000000	
ROW26|700	003004364319	0001	E		000	00000000					000000	0000		0	45	0	0	TO	TO	000000000015000177	0	0					000000000000	0.0	X	0.0		X			1014	FJWN	1	1	0			FG01			1014	40	ZPFG	10.08.2026	10.08.2026	1					0.00		9004950187			1008		000000000000000000		0000000000	0000	0000000000	0000										45	10.08.2026	1				0				000000000000000000	1014								0		0	00000000	
ROW27|700	003004364320	0001	E		000	00000000					000000	0000		0	45	45	0	TO	TO	000000000015000177	0	0			10.08.2026		000000000000	0.0	X	0.0		X			1014	FJWN	1	1	0	X		FG01			1014	40	ZPFG	10.08.2026	10.08.2026	1					139,625.10		9004950188			1008		000000000000000000		0000000000	0000	0000000000	0000										45	10.08.2026	1				0				000000000000000000	1014								0		0	00000000	
ROW28|700	003004364322	0001	E		000	00000000					000000	0000		0	45	45	0	TO	TO	000000000015000177	0	0			11.08.2026		000000000000	0.0	X	0.0		X			1014	FJWN	1	1	0	X		FG01			1014	40	ZPFG	10.08.2026	10.08.2026	1					139,625.10		9004950190			1008		000000000000000000		0000000000	0000	0000000000	0000										45	10.08.2026	1				0				000000000000000000	1014								0		0	00000000	
ROW29|700	003004364328	0001	E		000	00000000					000000	0000		0	45	45	0	TO	TO	000000000015000177	0	0			10.08.2026		000000000000	0.0	X	0.0		X			1003	FRNC	1	1	0	X		FG01			1003	40	ZPFG	10.08.2026	10.08.2026	1					138,216.60		9004950212			1008		000000000000000000		0000000000	0000	0000000000	0000										45	10.08.2026	1				0				000000000000000000	1003								0		0	00000000	
ROW30|700	003004364329	0001	E		000	00000000					000000	0000		0	45	0	0	TO	TO	000000000015000177	0	0					000000000000	0.0	X	0.0		X			1003	FRNC	1	1	0			FG01			1003	40	ZPFG	10.08.2026	10.08.2026	1					0.00		9004950213			1008		000000000000000000		0000000000	0000	0000000000	0000										45	10.08.2026	1				0				000000000000000000	1003								0		0	00000000	
ROW31|700	003004364330	0001	E		000	00000000					000000	0000		0	45	45	0	TO	TO	000000000015000177	0	0			10.08.2026		000000000000	0.0	X	0.0		X			1003	FRNC	1	1	0	X		FG01			1003	40	ZPFG	10.08.2026	10.08.2026	1					138,216.60		9004950214			1008		000000000000000000		0000000000	0000	0000000000	0000										45	10.08.2026	1				0				000000000000000000	1003								0		0	00000000	
ROW32|700	003004364336	0001	E		000	00000000					000000	0000		0	50	0	0	TO	TO	000000000015000177	0	0					000000000000	0.0	X	0.0		X			1009	FBCU	1	1	0			FG01			1009	40	ZPFG	10.08.2026	10.08.2026	1					0.00		9004950229			1008		000000000000000000		0000000000	0000	0000000000	0000										50	10.08.2026	1				0				000000000000000000	1009								0		0	00000000	
ROW33|700	003004364345	0001	E		000	00000000					000000	0000		0	45	45	0	TO	TO	000000000015000177	0	0			10.08.2026		000000000000	0.0	X	0.0		X			1002	FRAS	1	1	0	X		FG01			1002	40	ZPFG	10.08.2026	10.08.2026	1					145,124.10		9004950245			1008		000000000000000000		0000000000	0000	0000000000	0000										45	10.08.2026	1				0				000000000000000000	1002								0		0	00000000	
ROW34|700	003004364353	0001	E		000	00000000					000000	0000		0	45	45	0	TO	TO	000000000015000177	0	0			10.08.2026		000000000000	0.0	X	0.0		X			1014	FJWN	1	1	0	X		FG01			1014	40	ZPFG	10.08.2026	10.08.2026	1					139,625.10		9004950264			1008		000000000000000000		0000000000	0000	0000000000	0000										45	10.08.2026	1				0				000000000000000000	1014								0		0	00000000	
ROW35|700	003004364354	0001	E		000	00000000					000000	0000		0	38	45	0	TO	TO	000000000015000177	0	0			11.08.2026		000000000000	0.0	X	0.0		X			1014	FJWN	1	1	0	X		FG01			1014	40	ZPFG	10.08.2026	10.08.2026	1					139,625.10		9004950265			1008		000000000000000000		0000000000	0000	0000000000	0000										38	10.08.2026	1				0				000000000000000000	1014								0		0	00000000	
ROW36|700	003004364355	0001	E		000	00000000					000000	0000		0	38	0	0	TO	TO	000000000015000177	0	0					000000000000	0.0	X	0.0		X			1014	FJWN	1	1	0			FG01			1014	40	ZPFG	10.08.2026	10.08.2026	1					0.00		9004950266			1008		000000000000000000		0000000000	0000	0000000000	0000										38	10.08.2026	1				0				000000000000000000	1014								0		0	00000000	
ROW37|700	003004364356	0001	E		000	00000000					000000	0000		0	45	0	0	TO	TO	000000000015000177	0	0					000000000000	0.0	X	0.0		X			1014	FJWN	1	1	0			FG01			1014	40	ZPFG	10.08.2026	10.08.2026	1					0.00		9004950267			1008		000000000000000000		0000000000	0000	0000000000	0000										45	10.08.2026	1				0				000000000000000000	1014								0		0	00000000	
ROW38|700	003004364389	0001	E		000	00000000					000000	0000		0	40	0	0	TO	TO	000000000015000177	0	0					000000000000	0.0	X	0.0		X			1004	FNWL	1	1	0			FG01			1004	40	ZPFG	10.08.2026	10.08.2026	1					0.00		9004950365			1008		000000000000000000		0000000000	0000	0000000000	0000										40	10.08.2026	1				0				000000000000000000	1004								0		0	00000000	
ROW39|700	003004364390	0001	E		000	00000000					000000	0000		0	40	0	0	TO	TO	000000000015000177	0	0					000000000000	0.0	X	0.0		X			1004	FNWL	1	1	0			FG01			1004	40	ZPFG	10.08.2026	10.08.2026	1					0.00		9004950366			1008		000000000000000000		0000000000	0000	0000000000	0000										40	10.08.2026	1				0				000000000000000000	1004								0		0	00000000	
ROW40|700	003004364391	0001	E		000	00000000					000000	0000		0	40	0	0	TO	TO	000000000015000177	0	0					000000000000	0.0	X	0.0		X			1004	FNWL	1	1	0			FG01			1004	40	ZPFG	10.08.2026	10.08.2026	1					0.00		9004950368			1008		000000000000000000		0000000000	0000	0000000000	0000										40	10.08.2026	1				0				000000000000000000	1004								0		0	00000000	
ROW41|700	003004364392	0001	E		000	00000000					000000	0000		0	43	43	0	TO	TO	000000000015000177	0	0			10.08.2026		000000000000	0.0	X	0.0		X			1003	FRNC	1	1	0	X		FG01			1003	40	ZPFG	10.08.2026	10.08.2026	1					132,073.64		9004950369			1008		000000000000000000		0000000000	0000	0000000000	0000										43	10.08.2026	1				0				000000000000000000	1003								0		0	00000000	
ROW42|700	003004364393	0001	E		000	00000000					000000	0000		0	43	0	0	TO	TO	000000000015000177	0	0					000000000000	0.0	X	0.0		X			1003	FRNC	1	1	0			FG01			1003	40	ZPFG	10.08.2026	10.08.2026	1					0.00		9004950370			1008		000000000000000000		0000000000	0000	0000000000	0000										43	10.08.2026	1				0				000000000000000000	1003								0		0	00000000	
ROW43|700	003004364394	0001	E		000	00000000					000000	0000		0	43	44	0	TO	TO	000000000015000177	0	0			10.08.2026		000000000000	0.0	X	0.0		X			1003	FRNC	1	1	0	X		FG01			1003	40	ZPFG	10.08.2026	10.08.2026	1					135,145.12		9004950371			1008		000000000000000000		0000000000	0000	0000000000	0000										43	10.08.2026	1				0				000000000000000000	1003								0		0	00000000	
ROW44|700	003004364395	0001	E		000	00000000					000000	0000		0	40	0	0	TO	TO	000000000015000177	0	0					000000000000	0.0	X	0.0		X			1004	FNWL	1	1	0			FG01			1004	40	ZPFG	10.08.2026	10.08.2026	1					0.00		9004950372			1008		000000000000000000		0000000000	0000	0000000000	0000										40	10.08.2026	1				0				000000000000000000	1004								0		0	00000000	
ROW45|700	003004364396	0001	E		000	00000000					000000	0000		0	44	44	0	TO	TO	000000000015000177	0	0			10.08.2026		000000000000	0.0	X	0.0		X			1003	FRNC	1	1	0	X		FG01			1003	40	ZPFG	10.08.2026	10.08.2026	1					135,145.12		9004950373			1008		000000000000000000		0000000000	0000	0000000000	0000										44	10.08.2026	1				0				000000000000000000	1003								0		0	00000000	
ROW46|700	003004364397	0001	E		000	00000000					000000	0000		0	44	42	0	TO	TO	000000000015000177	0	0			10.08.2026		000000000000	0.0	X	0.0		X			1003	FRNC	1	1	0			FG01			1003	40	ZPFG	10.08.2026	10.08.2026	1					129,002.16		9004950374			1008		000000000000000000		0000000000	0000	0000000000	0000										44	10.08.2026	1				0				000000000000000000	1003								0		0	00000000	
ROW47|700	003004364398	0001	E		000	00000000					000000	0000		0	44	42	0	TO	TO	000000000015000177	0	0			10.08.2026		000000000000	0.0	X	0.0		X			1003	FRNC	1	1	0			FG01			1003	40	ZPFG	10.08.2026	10.08.2026	1					129,002.16		9004950375			1008		000000000000000000		0000000000	0000	0000000000	0000										44	10.08.2026	1				0				000000000000000000	1003								0		0	00000000	
ROW48|700	003004364403	0001	E		000	00000000					000000	0000		0	45	0	0	TO	TO	000000000015000177	0	0					000000000000	0.0	X	0.0		X			1004	FNWL	1	1	0			FG01			1004	40	ZPFG	10.08.2026	10.08.2026	1					0.00		9004950399			1008		000000000000000000		0000000000	0000	0000000000	0000										45	10.08.2026	1				0				000000000000000000	1004								0		0	00000000	
ROW49|700	003004364416	0001	E		000	00000000					000000	0000		0	35	35	0	TO	TO	000000000015000177	0	0			10.08.2026		000000000000	0.0	X	0.0		X			1070	FKDL	1	1	0	X		FG01			1070	40	ZPFG	10.08.2026	10.08.2026	1					171,026.45		9004950447			1029		000000000000000000		0000000000	0000	0000000000	0000										35	10.08.2026	1				0				000000000000000000	1070								0		0	00000000	
ROW50|700	003004364430	0001	E		000	00000000					000000	0000		0	42	0	0	TO	TO	000000000015000177	0	0					000000000000	0.0	X	0.0		X			1002	FRAS	1	1	0			FG01			1002	40	ZPFG	10.08.2026	10.08.2026	1					0.00		9004950472			1008		000000000000000000		0000000000	0000	0000000000	0000										42	10.08.2026	1				0				000000000000000000	1002								0		0	00000000	
ROW51|700	003004364437	0001	E		000	00000000					000000	0000		0	42	0	0	TO	TO	000000000015000177	0	0					000000000000	0.0	X	0.0		X			1000	FBWR	1	1	0			FG01			1000	40	ZPFG	10.08.2026	10.08.2026	1					0.00		9004950485			1008		000000000000000000		0000000000	0000	0000000000	0000										42	10.08.2026	1				0				000000000000000000	1000								0		0	00000000	
ROW52|700	003004364474	0001	E		000	00000000					000000	0000		0	45	45	0	TO	TO	000000000015000177	0	0			10.08.2026		000000000000	0.0	X	0.0		X			1003	FRNC	1	1	0	X		FG01			1003	40	ZPFG	10.08.2026	10.08.2026	1					138,216.60		9004950563			1008		000000000000000000		0000000000	0000	0000000000	0000										45	10.08.2026	1				0				000000000000000000	1003								0		0	00000000	
ROW53|700	003004364481	0001	E		000	00000000					000000	0000		0	42	0	0	TO	TO	000000000015000177	0	0					000000000000	0.0	X	0.0		X			1014	FJWN	1	1	0			FG01			1014	40	ZPFG	10.08.2026	10.08.2026	1					0.00		9004950573			1008		000000000000000000		0000000000	0000	0000000000	0000										42	10.08.2026	1				0				000000000000000000	1014								0		0	00000000	
ROW54|700	003004364489	0001	E		000	00000000					000000	0000		0	42	42	0	TO	TO	000000000015000177	0	0			10.08.2026		000000000000	0.0	X	0.0		X			1014	FJWN	1	1	0	X		FG01			1014	40	ZPFG	10.08.2026	10.08.2026	1					130,316.76		9004950582			1008		000000000000000000		0000000000	0000	0000000000	0000										42	10.08.2026	1				0				000000000000000000	1014								0		0	00000000	
ROW55|700	003004364491	0001	E		000	00000000					000000	0000		0	42	42	0	TO	TO	000000000015000177	0	0			10.08.2026		000000000000	0.0	X	0.0		X			1014	FJWN	1	1	0	X		FG01			1014	40	ZPFG	10.08.2026	10.08.2026	1					130,316.76		9004950584			1008		000000000000000000		0000000000	0000	0000000000	0000										42	10.08.2026	1				0				000000000000000000	1014								0		0	00000000	
ROW56|700	003004364493	0001	E		000	00000000					000000	0000		0	42	0	0	TO	TO	000000000015000177	0	0					000000000000	0.0	X	0.0		X			1014	FJWN	1	1	0			FG01			1014	40	ZPFG	10.08.2026	10.08.2026	1					0.00		9004950586			1008		000000000000000000		0000000000	0000	0000000000	0000										42	10.08.2026	1				0				000000000000000000	1014								0		0	00000000	
ROW57|700	003004364494	0001	E		000	00000000					000000	0000		0	42	42	0	TO	TO	000000000015000177	0	0			11.08.2026		000000000000	0.0	X	0.0		X			1014	FJWN	1	1	0	X		FG01			1014	40	ZPFG	10.08.2026	10.08.2026	1					130,316.76		9004950587			1008		000000000000000000		0000000000	0000	0000000000	0000										42	10.08.2026	1				0				000000000000000000	1014								0		0	00000000	
ROW58|700	003004364495	0001	E		000	00000000					000000	0000		0	42	42	0	TO	TO	000000000015000177	0	0			11.08.2026		000000000000	0.0	X	0.0		X			1014	FJWN	1	1	0	X		FG01			1014	40	ZPFG	10.08.2026	10.08.2026	1					130,316.76		9004950588			1008		000000000000000000		0000000000	0000	0000000000	0000										42	10.08.2026	1				0				000000000000000000	1014								0		0	00000000	
ROW59|700	003004364496	0001	E		000	00000000					000000	0000		0	38	0	0	TO	TO	000000000015000177	0	0					000000000000	0.0	X	0.0		X			1014	FJWN	1	1	0			FG01			1014	40	ZPFG	10.08.2026	10.08.2026	1					0.00		9004950589			1008		000000000000000000		0000000000	0000	0000000000	0000										38	10.08.2026	1				0				000000000000000000	1014								0		0	00000000	
ROW60|700	003004364497	0001	E		000	00000000					000000	0000		0	38	0	0	TO	TO	000000000015000177	0	0					000000000000	0.0	X	0.0		X			1014	FJWN	1	1	0			FG01			1014	40	ZPFG	10.08.2026	10.08.2026	1					0.00		9004950591			1008		000000000000000000		0000000000	0000	0000000000	0000										38	10.08.2026	1				0				000000000000000000	1014								0		0	00000000	
ROW61|700	003004364499	0001	E		000	00000000					000000	0000		0	42	0	0	TO	TO	000000000015000177	0	0					000000000000	0.0	X	0.0		X			1014	FJWN	1	1	0			FG01			1014	40	ZPFG	10.08.2026	10.08.2026	1					0.00		9004950597			1008		000000000000000000		0000000000	0000	0000000000	0000										42	10.08.2026	1				0				000000000000000000	1014								0		0	00000000	
ROW62|700	003004364501	0001	E		000	00000000					000000	0000		0	45	0	0	TO	TO	000000000015000177	0	0					000000000000	0.0	X	0.0		X			1004	FNWL	1	1	0			FG01			1004	40	ZPFG	10.08.2026	10.08.2026	1					0.00		9004950599			1008		000000000000000000		0000000000	0000	0000000000	0000										45	10.08.2026	1				0				000000000000000000	1004								0		0	00000000	
ROW63|700	003004364506	0001	E		000	00000000					000000	0000		0	45	0	0	TO	TO	000000000015000177	0	0					000000000000	0.0	X	0.0		X			1014	FJWN	1	1	0			FG01			1014	40	ZPFG	10.08.2026	10.08.2026	1					0.00		9004950608			1008		000000000000000000		0000000000	0000	0000000000	0000										45	10.08.2026	1				0				000000000000000000	1014								0		0	00000000	
ROW64|700	003004364507	0001	E		000	00000000					000000	0000		0	37	0	0	TO	TO	000000000015000177	0	0					000000000000	0.0	X	0.0		X			1004	FNWL	1	1	0			FG01			1004	40	ZPFG	10.08.2026	10.08.2026	1					0.00		9004950609			1008		000000000000000000		0000000000	0000	0000000000	0000										37	10.08.2026	1				0				000000000000000000	1004								0		0	00000000	
ROW65|700	003004364508	0001	E		000	00000000					000000	0000		0	45	0	0	TO	TO	000000000015000177	0	0					000000000000	0.0	X	0.0		X			1014	FJWN	1	1	0			FG01			1014	40	ZPFG	10.08.2026	10.08.2026	1					0.00		9004950610			1008		000000000000000000		0000000000	0000	0000000000	0000										45	10.08.2026	1				0				000000000000000000	1014								0		0	00000000	
ROW66|700	003004364509	0001	E		000	00000000					000000	0000		0	45	45	0	TO	TO	000000000015000177	0	0			10.08.2026		000000000000	0.0	X	0.0		X			1014	FJWN	1	1	0	X		FG01			1014	40	ZPFG	10.08.2026	10.08.2026	1					139,625.10		9004950611			1008		000000000000000000		0000000000	0000	0000000000	0000										45	10.08.2026	1				0				000000000000000000	1014								0		0	00000000	
ROW67|700	003004364510	0001	E		000	00000000					000000	0000		0	45	0	0	TO	TO	000000000015000177	0	0					000000000000	0.0	X	0.0		X			1014	FJWN	1	1	0			FG01			1014	40	ZPFG	10.08.2026	10.08.2026	1					0.00		9004950612			1008		000000000000000000		0000000000	0000	0000000000	0000										45	10.08.2026	1				0				000000000000000000	1014								0		0	00000000	
ROW68|700	003004364511	0001	E		000	00000000					000000	0000		0	38	38	0	TO	TO	000000000015000177	0	0			11.08.2026		000000000000	0.0	X	0.0		X			1014	FJWN	1	1	0	X		FG01			1014	40	ZPFG	10.08.2026	10.08.2026	1					117,905.64		9004950613			1008		000000000000000000		0000000000	0000	0000000000	0000										38	10.08.2026	1				0				000000000000000000	1014								0		0	00000000	
ROW69|700	003004364512	0001	E		000	00000000					000000	0000		0	38	38	0	TO	TO	000000000015000177	0	0			11.08.2026		000000000000	0.0	X	0.0		X			1014	FJWN	1	1	0	X		FG01			1014	40	ZPFG	10.08.2026	10.08.2026	1					117,905.64		9004950614			1008		000000000000000000		0000000000	0000	0000000000	0000										38	10.08.2026	1				0				000000000000000000	1014								0		0	00000000	
ROW70|700	003004364513	0001	E		000	00000000					000000	0000		0	30	30	0	TO	TO	000000000015000177	0	0			11.08.2026		000000000000	0.0	X	0.0		X			1014	FJWN	1	1	0	X		FG01			1014	40	ZPFG	10.08.2026	10.08.2026	1					93,083.40		9004950616			1008		000000000000000000		0000000000	0000	0000000000	0000										30	10.08.2026	1				0				000000000000000000	1014								0		0	00000000	
ROW71|700	003004364515	0001	E		000	00000000					000000	0000		0	38	38	0	TO	TO	000000000015000177	0	0			10.08.2026		000000000000	0.0	X	0.0		X			1014	FJWN	1	1	0	X		FG01			1014	40	ZPFG	10.08.2026	10.08.2026	1					117,905.64		9004950619			1008		000000000000000000		0000000000	0000	0000000000	0000										38	10.08.2026	1				0				000000000000000000	1014								0		0	00000000	
ROW72|700	003004364543	0001	E		000	00000000					000000	0000		0	25	25	0	TO	TO	000000000015000177	0	0			10.08.2026		000000000000	0.0	X	0.0		X			1014	FJWN	1	1	0	X		FG01			1014	40	ZPFG	10.08.2026	10.08.2026	1					77,569.50		9004950678			1008		000000000000000000		0000000000	0000	0000000000	0000										25	10.08.2026	1				0				000000000000000000	1014								0		0	00000000	
ROW73|700	003004364544	0001	E		000	00000000					000000	0000		0	45	42	0	TO	TO	000000000015000177	0	0			10.08.2026		000000000000	0.0	X	0.0		X			1014	FJWN	1	1	0			FG01			1014	40	ZPFG	10.08.2026	10.08.2026	1					130,316.76		9004950679			1008		000000000000000000		0000000000	0000	0000000000	0000										45	10.08.2026	1				0				000000000000000000	1014								0		0	00000000	
ROW74|700	003004364547	0001	E		000	00000000					000000	0000		0	30	0	0	TO	TO	000000000015000177	0	0					000000000000	0.0	X	0.0		X			1014	FJWN	1	1	0			FG01			1014	40	ZPFG	10.08.2026	10.08.2026	1					0.00		9004950684			1008		000000000000000000		0000000000	0000	0000000000	0000										30	10.08.2026	1				0				000000000000000000	1014								0		0	00000000	
ROW75|700	003004364548	0001	E		000	00000000					000000	0000		0	23	23	0	TO	TO	000000000015000177	0	0			11.08.2026		000000000000	0.0	X	0.0		X			1014	FJWN	1	1	0	X		FG01			1014	40	ZPFG	10.08.2026	10.08.2026	1					71,363.94		9004950685			1008		000000000000000000		0000000000	0000	0000000000	0000										23	10.08.2026	1				0				000000000000000000	1014								0		0	00000000	
ROW76|700	003004364551	0001	E		000	00000000					000000	0000		0	30	30	0	TO	TO	000000000015000177	0	0			10.08.2026		000000000000	0.0	X	0.0		X			1014	FJWN	1	1	0	X		FG01			1014	40	ZPFG	10.08.2026	10.08.2026	1					93,083.40		9004950688			1008		000000000000000000		0000000000	0000	0000000000	0000										30	10.08.2026	1				0				000000000000000000	1014								0		0	00000000	
ROW77|700	003004364554	0001	E		000	00000000					000000	0000		0	38	42	0	TO	TO	000000000015000177	0	0			11.08.2026		000000000000	0.0	X	0.0		X			1014	FJWN	1	1	0	X		FG01			1014	40	ZPFG	10.08.2026	10.08.2026	1					130,316.76		9004950691			1008		000000000000000000		0000000000	0000	0000000000	0000										38	10.08.2026	1				0				000000000000000000	1014								0		0	00000000	
ROW78|700	003004364569	0001	E		000	00000000					000000	0000		0	40	0	0	TO	TO	000000000015000177	0	0					000000000000	0.0	X	0.0		X			1004	FNWL	1	1	0			FG01			1004	40	ZPFG	10.08.2026	10.08.2026	1					0.00		9004950711			1008		000000000000000000		0000000000	0000	0000000000	0000										40	10.08.2026	1				0				000000000000000000	1004								0		0	00000000	
ROW79|700	003004364573	0001	E		000	00000000					000000	0000		0	40	40	0	TO	TO	000000000015000177	0	0			11.08.2026		000000000000	0.0	X	0.0		X			1004	FNWL	1	1	0	X		FG01			1004	40	ZPFG	10.08.2026	10.08.2026	1					111,625.20		9004950719			1008		000000000000000000		0000000000	0000	0000000000	0000										40	10.08.2026	1				0				000000000000000000	1004								0		0	00000000	
ROW80|700	003004364578	0001	E		000	00000000					000000	0000		0	45	0	0	TO	TO	000000000015000177	0	0					000000000000	0.0	X	0.0		X			1004	FNWL	1	1	0			FG01			1004	40	ZPFG	10.08.2026	10.08.2026	1					0.00		9004950727			1008		000000000000000000		0000000000	0000	0000000000	0000										45	10.08.2026	1				0				000000000000000000	1004								0		0	00000000	
ROW81|700	003004364583	0001	E		000	00000000					000000	0000		0	50	0	0	TO	TO	000000000015000177	0	0					000000000000	0.0	X	0.0		X			1304	FEGU	1	1	0			FG01			1304	40	ZPFG	10.08.2026	10.08.2026	1					0.00		9004950736			1309		000000000000000000		0000000000	0000	0000000000	0000										50	10.08.2026	1				0				000000000000000000	1304								0		0	00000000	
ROW82|700	003004364590	0001	E		000	00000000					000000	0000		0	40	0	0	TO	TO	000000000015000177	0	0					000000000000	0.0	X	0.0		X			1304	FEGU	1	1	0			FG01			1304	40	ZPFG	10.08.2026	10.08.2026	1					0.00		9004950746			1309		000000000000000000		0000000000	0000	0000000000	0000										40	10.08.2026	1				0				000000000000000000	1304								0		0	00000000	
ROW83|700	003004364597	0001	E		000	00000000					000000	0000		0	35	0	0	TO	TO	000000000015000177	0	0					000000000000	0.0	X	0.0		X			1304	FEGU	1	1	0			FG01			1304	40	ZPFG	10.08.2026	10.08.2026	1					0.00		9004950757			1309		000000000000000000		0000000000	0000	0000000000	0000										35	10.08.2026	1				0				000000000000000000	1304								0		0	00000000	
ROW84|700	003004364605	0001	E		000	00000000					000000	0000		0	45	45	0	TO	TO	000000000015000177	0	0			10.08.2026		000000000000	0.0	X	0.0		X			1003	FRNC	1	1	0	X		FG01			1003	40	ZPFG	10.08.2026	10.08.2026	1					138,216.60		9004950775			1008		000000000000000000		0000000000	0000	0000000000	0000										45	10.08.2026	1				0				000000000000000000	1003								0		0	00000000	
ROW85|700	003004364607	0001	E		000	00000000					000000	0000		0	45	0	0	TO	TO	000000000015000177	0	0					000000000000	0.0	X	0.0		X			1003	FRNC	1	1	0			FG01			1003	40	ZPFG	10.08.2026	10.08.2026	1					0.00		9004950777			1008		000000000000000000		0000000000	0000	0000000000	0000										45	10.08.2026	1				0				000000000000000000	1003								0		0	00000000	
ROW86|700	003004364610	0001	E		000	00000000					000000	0000		0	45	0	0	TO	TO	000000000015000177	0	0					000000000000	0.0	X	0.0		X			1003	FRNC	1	1	0			FG01			1003	40	ZPFG	10.08.2026	10.08.2026	1					0.00		9004950781			1008		000000000000000000		0000000000	0000	0000000000	0000										45	10.08.2026	1				0				000000000000000000	1003								0		0	00000000	
ROW87|700	003004364624	0001	E		000	00000000					000000	0000		0	45	41.200	0	TO	TO	000000000015000177	0	0			10.08.2026		000000000000	0.0	X	0.0		X			1000	FBWR	1	1	0			FG01			1000	40	ZPFG	10.08.2026	10.08.2026	1					136,093.90		9004950801			1008		000000000000000000		0000000000	0000	0000000000	0000										45	10.08.2026	1				0				000000000000000000	1000								0		0	00000000	
ROW88|700	003004364628	0001	E		000	00000000					000000	0000		0	45	0	0	TO	TO	000000000015000177	0	0					000000000000	0.0	X	0.0		X			1004	FNWL	1	1	0			FG01			1004	40	ZPFG	10.08.2026	10.08.2026	1					0.00		9004950808			1008		000000000000000000		0000000000	0000	0000000000	0000										45	10.08.2026	1				0				000000000000000000	1004								0		0	00000000	
ROW89|700	003004364677	0001	E		000	00000000					000000	0000		0	42	0	0	TO	TO	000000000015000177	0	0					000000000000	0.0	X	0.0		X			1004	FNWL	1	1	0			FG01			1004	40	ZPFG	10.08.2026	10.08.2026	1					0.00		9004950888			1008		000000000000000000		0000000000	0000	0000000000	0000										42	10.08.2026	1				0				000000000000000000	1004								0		0	00000000	
ROW90|700	003004364682	0001	E		000	00000000					000000	0000		0	40	0	0	TO	TO	000000000015000177	0	0					000000000000	0.0	X	0.0		X			1304	FEGU	1	1	0			FG01			1304	40	ZPFG	10.08.2026	10.08.2026	1					0.00		9004950894			1309		000000000000000000		0000000000	0000	0000000000	0000										40	10.08.2026	1				0				000000000000000000	1304								0		0	00000000	
ROW91|700	003004364683	0001	E		000	00000000					000000	0000		0	43	43	0	TO	TO	000000000015000177	0	0			10.08.2026		000000000000	0.0	X	0.0		X			1003	FRNC	1	1	0	X		FG01			1003	40	ZPFG	10.08.2026	10.08.2026	1					132,073.64		9004950895			1008		000000000000000000		0000000000	0000	0000000000	0000										43	10.08.2026	1				0				000000000000000000	1003								0		0	00000000	
ROW92|700	003004364687	0001	E		000	00000000					000000	0000		0	40	0	0	TO	TO	000000000015000177	0	0					000000000000	0.0	X	0.0		X			1304	FEGU	1	1	0			FG01			1304	40	ZPFG	10.08.2026	10.08.2026	1					0.00		9004950910			1309		000000000000000000		0000000000	0000	0000000000	0000										40	10.08.2026	1				0				000000000000000000	1304								0		0	00000000	
ROW93|700	003004364692	0001	E		000	00000000					000000	0000		0	45	45	0	TO	TO	000000000015000177	0	0			10.08.2026		000000000000	0.0	X	0.0		X			1006	FJGU	1	1	0	X		FG01			1006	40	ZPFG	10.08.2026	10.08.2026	1					161,490.15		9004950916			1008		000000000000000000		0000000000	0000	0000000000	0000										45	10.08.2026	1				0				000000000000000000	1006								0		0	00000000	
ROW94|700	003004364695	0001	E		000	00000000					000000	0000		0	42	42	0	TO	TO	000000000015000177	0	0			10.08.2026		000000000000	0.0	X	0.0		X			1006	FJGU	1	1	0	X		FG01			1006	40	ZPFG	10.08.2026	10.08.2026	1					150,724.14		9004950928			1008		000000000000000000		0000000000	0000	0000000000	0000										42	10.08.2026	1				0				000000000000000000	1006								0		0	00000000	
ROW95|700	003004364700	0001	E		000	00000000					000000	0000		0	45	0	0	TO	TO	000000000015000177	0	0					000000000000	0.0	X	0.0		X			1004	FNWL	1	1	0			FG01			1004	40	ZPFG	10.08.2026	10.08.2026	1					0.00		9004950941			1008		000000000000000000		0000000000	0000	0000000000	0000										45	10.08.2026	1				0				000000000000000000	1004								0		0	00000000	
ROW96|700	003004364720	0001	E		000	00000000					000000	0000		0	45	45	0	TO	TO	000000000015000177	0	0			11.08.2026		000000000000	0.0	X	0.0		X			1014	FJWN	1	1	0	X		FG01			1014	40	ZPFG	10.08.2026	10.08.2026	1					139,625.10		9004950996			1008		000000000000000000		0000000000	0000	0000000000	0000										45	10.08.2026	1				0				000000000000000000	1014								0		0	00000000	
ROW97|700	003004364763	0001	E		000	00000000					000000	0000		0	42	0	0	TO	TO	000000000015000177	0	0					000000000000	0.0	X	0.0		X			1004	FNWL	1	1	0			FG01			1004	40	ZPFG	10.08.2026	10.08.2026	1					0.00		9004951116			1008		000000000000000000		0000000000	0000	0000000000	0000										42	10.08.2026	1				0				000000000000000000	1004								0		0	00000000	
ROW98|700	003004364779	0001	E		000	00000000					000000	0000		0	15	0	0	TO	TO	000000000015000177	0	0					000000000000	0.0	X	0.0		X			1304	FEGU	1	1	0			FG01			1304	40	ZPFG	10.08.2026	10.08.2026	1					0.00		9004951151			1309		000000000000000000		0000000000	0000	0000000000	0000										15	10.08.2026	1				0				000000000000000000	1304								0		0	00000000	
ROW99|700	003004364812	0001	E		000	00000000					000000	0000		0	45	45	0	TO	TO	000000000015000177	0	0			11.08.2026		000000000000	0.0	X	0.0		X			1006	FJGU	1	1	0	X		FG01			1006	40	ZPFG	10.08.2026	10.08.2026	1					161,490.15		9004951206			1008		000000000000000000		0000000000	0000	0000000000	0000										45	10.08.2026	1				0				000000000000000000	1006								0		0	00000000	
ROW100|700	003004364818	0001	E		000	00000000					000000	0000		0	5	0	0	TO	TO	000000000015000177	0	0					000000000000	0.0	X	0.0		X			1304	FEGU	1	1	0			FG01			1304	40	ZPFG	10.08.2026	10.08.2026	1					0.00		9004951215			1309		000000000000000000		0000000000	0000	0000000000	0000										5	10.08.2026	1				0				000000000000000000	1304								0		0	00000000	
ROW101|700	003004364845	0001	E		000	00000000					000000	0000		0	45	45	0	TO	TO	000000000015000177	0	0			10.08.2026		000000000000	0.0	X	0.0		X			1003	FRNC	1	1	0	X		FG01			1003	40	ZPFG	10.08.2026	10.08.2026	1					138,216.60		9004951294			1008		000000000000000000		0000000000	0000	0000000000	0000										45	10.08.2026	1				0				000000000000000000	1003								0		0	00000000	
ROW102|700	003004364847	0001	E		000	00000000					000000	0000		0	45	45	0	TO	TO	000000000015000177	0	0			10.08.2026		000000000000	0.0	X	0.0		X			1003	FRNC	1	1	0	X		FG01			1003	40	ZPFG	10.08.2026	10.08.2026	1					138,216.60		9004951297			1008		000000000000000000		0000000000	0000	0000000000	0000										45	10.08.2026	1				0				000000000000000000	1003								0		0	00000000	
ROW103|700	003004364848	0001	E		000	00000000					000000	0000		0	45	45	0	TO	TO	000000000015000177	0	0			10.08.2026		000000000000	0.0	X	0.0		X			1003	FRNC	1	1	0	X		FG01			1003	40	ZPFG	10.08.2026	10.08.2026	1					138,216.60		9004951298			1008		000000000000000000		0000000000	0000	0000000000	0000										45	10.08.2026	1				0				000000000000000000	1003								0		0	00000000	
ROW104|700	003004364849	0001	E		000	00000000					000000	0000		0	45	45	0	TO	TO	000000000015000177	0	0			10.08.2026		000000000000	0.0	X	0.0		X			1003	FRNC	1	1	0	X		FG01			1003	40	ZPFG	10.08.2026	10.08.2026	1					138,216.60		9004951299			1008		000000000000000000		0000000000	0000	0000000000	0000										45	10.08.2026	1				0				000000000000000000	1003								0		0	00000000	
ROW105|700	003004364850	0001	E		000	00000000					000000	0000		0	45	45	0	TO	TO	000000000015000177	0	0			10.08.2026		000000000000	0.0	X	0.0		X			1003	FRNC	1	1	0	X		FG01			1003	40	ZPFG	10.08.2026	10.08.2026	1					138,216.60		9004951300			1008		000000000000000000		0000000000	0000	0000000000	0000										45	10.08.2026	1				0				000000000000000000	1003								0		0	00000000	
ROW106|700	003004364851	0001	E		000	00000000					000000	0000		0	45	45	0	TO	TO	000000000015000177	0	0			10.08.2026		000000000000	0.0	X	0.0		X			1003	FRNC	1	1	0	X		FG01			1003	40	ZPFG	10.08.2026	10.08.2026	1					138,216.60		9004951301			1008		000000000000000000		0000000000	0000	0000000000	0000										45	10.08.2026	1				0				000000000000000000	1003								0		0	00000000	
ROW107|700	003004364853	0001	E		000	00000000					000000	0000		0	45	45	0	TO	TO	000000000015000177	0	0			10.08.2026		000000000000	0.0	X	0.0		X			1003	FRNC	1	1	0	X		FG01			1003	40	ZPFG	10.08.2026	10.08.2026	1					138,216.60		9004951304			1008		000000000000000000		0000000000	0000	0000000000	0000										45	10.08.2026	1				0				000000000000000000	1003								0		0	00000000	
ROW108|700	003004364854	0001	E		000	00000000					000000	0000		0	45	45	0	TO	TO	000000000015000177	0	0			10.08.2026		000000000000	0.0	X	0.0		X			1003	FRNC	1	1	0	X		FG01			1003	40	ZPFG	10.08.2026	10.08.2026	1					138,216.60		9004951305			1008		000000000000000000		0000000000	0000	0000000000	0000										45	10.08.2026	1				0				000000000000000000	1003								0		0	00000000	
ROW109|700	003004364855	0001	E		000	00000000					000000	0000		0	45	45	0	TO	TO	000000000015000177	0	0			10.08.2026		000000000000	0.0	X	0.0		X			1003	FRNC	1	1	0	X		FG01			1003	40	ZPFG	10.08.2026	10.08.2026	1					138,216.60		9004951306			1008		000000000000000000		0000000000	0000	0000000000	0000										45	10.08.2026	1				0				000000000000000000	1003								0		0	00000000	
ROW110|700	003004364856	0001	E		000	00000000					000000	0000		0	45	42	0	TO	TO	000000000015000177	0	0			10.08.2026		000000000000	0.0	X	0.0		X			1003	FRNC	1	1	0			FG01			1003	40	ZPFG	10.08.2026	10.08.2026	1					129,002.16		9004951307			1008		000000000000000000		0000000000	0000	0000000000	0000										45	10.08.2026	1				0				000000000000000000	1003								0		0	00000000	
ROW111|700	003004364884	0001	E		000	00000000					000000	0000		0	1	0	0	TO	TO	000000000015000177	0	0					000000000000	0.0	X	0.0		X			1046	FNRC	1	1	0			FG01			1046	40	ZPFG	10.08.2026	10.08.2026	1					0.00		9004951347			1022		000000000000000000		0000000000	0000	0000000000	0000										1	10.08.2026	1				0				000000000000000000	1046								0		0	00000000	
ROW112|700	003004364885	0001	E		000	00000000					000000	0000		0	44	44	0	TO	TO	000000000015000177	0	0			10.08.2026		000000000000	0.0	X	0.0		X			1003	FRNC	1	1	0	X		FG01			1003	40	ZPFG	10.08.2026	10.08.2026	1					135,145.12		9004951349			1008		000000000000000000		0000000000	0000	0000000000	0000										44	10.08.2026	1				0				000000000000000000	1003								0		0	00000000	
ROW113|700	003004364887	0001	E		000	00000000					000000	0000		0	1	0	0	TO	TO	000000000015000177	0	0					000000000000	0.0	X	0.0		X			1046	FNRC	1	1	0			FG01			1046	40	ZPFG	10.08.2026	10.08.2026	1					0.00		9004951352			1022		000000000000000000		0000000000	0000	0000000000	0000										1	10.08.2026	1				0				000000000000000000	1046								0		0	00000000	
ROW114|700	003004364888	0001	E		000	00000000					000000	0000		0	1	0	0	TO	TO	000000000015000177	0	0					000000000000	0.0	X	0.0		X			1046	FNRC	1	1	0			FG01			1046	40	ZPFG	10.08.2026	10.08.2026	1					0.00		9004951354			1022		000000000000000000		0000000000	0000	0000000000	0000										1	10.08.2026	1				0				000000000000000000	1046								0		0	00000000	
ROW115|700	003004364891	0001	E		000	00000000					000000	0000		0	20	0	0	TO	TO	000000000015000177	0	0					000000000000	0.0	X	0.0		X			1014	FJWN	1	1	0			FG01			1014	40	ZPFG	10.08.2026	10.08.2026	1					0.00		9004951359			1008		000000000000000000		0000000000	0000	0000000000	0000										20	10.08.2026	1				0				000000000000000000	1014								0		0	00000000	
ROW116|700	003004364903	0001	E		000	00000000					000000	0000		0	40	40	0	TO	TO	000000000015000177	0	0			11.08.2026		000000000000	0.0	X	0.0		X			1004	FNWL	1	1	0	X		FG01			1004	40	ZPFG	10.08.2026	10.08.2026	1					111,625.20		9004951403			1008		000000000000000000		0000000000	0000	0000000000	0000										40	10.08.2026	1				0				000000000000000000	1004								0		0	00000000	
ROW117|700	003004364904	0001	E		000	00000000					000000	0000		0	38	40	0	TO	TO	000000000015000177	0	0			11.08.2026		000000000000	0.0	X	0.0		X			1004	FNWL	1	1	0	X		FG01			1004	40	ZPFG	10.08.2026	10.08.2026	1					111,625.20		9004951405			1008		000000000000000000		0000000000	0000	0000000000	0000										38	10.08.2026	1				0				000000000000000000	1004								0		0	00000000	
ROW118|700	003004364905	0001	E		000	00000000					000000	0000		0	42	0	0	TO	TO	000000000015000177	0	0					000000000000	0.0	X	0.0		X			1004	FNWL	1	1	0			FG01			1004	40	ZPFG	10.08.2026	10.08.2026	1					0.00		9004951407			1008		000000000000000000		0000000000	0000	0000000000	0000										42	10.08.2026	1				0				000000000000000000	1004								0		0	00000000	
ROW119|700	003004364909	0001	E		000	00000000					000000	0000		0	50	0	0	TO	TO	000000000015000177	0	0					000000000000	0.0	X	0.0		X			1004	FNWL	1	1	0			FG01			1004	40	ZPFG	10.08.2026	10.08.2026	1					0.00		9004951412			1008		000000000000000000		0000000000	0000	0000000000	0000										50	10.08.2026	1				0				000000000000000000	1004								0		0	00000000	
ROW120|700	003004364921	0001	E		000	00000000					000000	0000		0	40	40	0	TO	TO	000000000015000177	0	0			11.08.2026		000000000000	0.0	X	0.0		X			1004	FNWL	1	1	0	X		FG01			1004	40	ZPFG	10.08.2026	10.08.2026	1					111,625.20		9004951429			1008		000000000000000000		0000000000	0000	0000000000	0000										40	10.08.2026	1				0				000000000000000000	1004								0		0	00000000	
ROW121|700	003004364924	0001	E		000	00000000					000000	0000		0	50	0	0	TO	TO	000000000015000177	0	0					000000000000	0.0	X	0.0		X			1004	FNWL	1	1	0			FG01			1004	40	ZPFG	10.08.2026	10.08.2026	1					0.00		9004951436			1008		000000000000000000		0000000000	0000	0000000000	0000										50	10.08.2026	1				0				000000000000000000	1004								0		0	00000000	
ROW122|700	003004364925	0001	E		000	00000000					000000	0000		0	45	0	0	TO	TO	000000000015000177	0	0					000000000000	0.0	X	0.0		X			1004	FNWL	1	1	0			FG01			1004	40	ZPFG	10.08.2026	10.08.2026	1					0.00		9004951439			1008		000000000000000000		0000000000	0000	0000000000	0000										45	10.08.2026	1				0				000000000000000000	1004								0		0	00000000	
ROW123|700	003004364927	0001	E		000	00000000					000000	0000		0	50	0	0	TO	TO	000000000015000177	0	0					000000000000	0.0	X	0.0		X			1004	FNWL	1	1	0			FG01			1004	40	ZPFG	10.08.2026	10.08.2026	1					0.00		9004951443			1008		000000000000000000		0000000000	0000	0000000000	0000										50	10.08.2026	1				0				000000000000000000	1004								0		0	00000000	
ROW124|700	003004364928	0001	E		000	00000000					000000	0000		0	50	0	0	TO	TO	000000000015000177	0	0					000000000000	0.0	X	0.0		X			1004	FNWL	1	1	0			FG01			1004	40	ZPFG	10.08.2026	10.08.2026	1					0.00		9004951444			1008		000000000000000000		0000000000	0000	0000000000	0000										50	10.08.2026	1				0				000000000000000000	1004								0		0	00000000	
ROW125|700	003004364929	0001	E		000	00000000					000000	0000		0	50	50	0	TO	TO	000000000015000177	0	0			10.08.2026		000000000000	0.0	X	0.0		X			1009	FBCU	1	1	0	X		FG01			1009	40	ZPFG	10.08.2026	10.08.2026	1					184,247.00		9004951445			1008		000000000000000000		0000000000	0000	0000000000	0000										50	10.08.2026	1				0				000000000000000000	1009								0		0	00000000	
ROW126|700	003004364939	0001	E		000	00000000					000000	0000		0	45	0	0	TO	TO	000000000015000177	0	0					000000000000	0.0	X	0.0		X			1004	FNWL	1	1	0			FG01			1004	40	ZPFG	10.08.2026	10.08.2026	1					0.00		9004951463			1008		000000000000000000		0000000000	0000	0000000000	0000										45	10.08.2026	1				0				000000000000000000	1004								0		0	00000000	
ROW127|700	003004364943	0001	E		000	00000000					000000	0000		0	41	45	0	TO	TO	000000000015000177	0	0			10.08.2026		000000000000	0.0	X	0.0		X			1003	FRNC	1	1	0	X		FG01			1003	40	ZPFG	10.08.2026	10.08.2026	1					138,216.60		9004951472			1008		000000000000000000		0000000000	0000	0000000000	0000										41	10.08.2026	1				0				000000000000000000	1003								0		0	00000000	
ROW128|700	003004364944	0001	E		000	00000000					000000	0000		0	41	44	0	TO	TO	000000000015000177	0	0			10.08.2026		000000000000	0.0	X	0.0		X			1003	FRNC	1	1	0	X		FG01			1003	40	ZPFG	10.08.2026	10.08.2026	1					135,145.12		9004951473			1008		000000000000000000		0000000000	0000	0000000000	0000										41	10.08.2026	1				0				000000000000000000	1003								0		0	00000000	
ROW129|700	003004364945	0001	E		000	00000000					000000	0000		0	41	0	0	TO	TO	000000000015000177	0	0					000000000000	0.0	X	0.0		X			1003	FRNC	1	1	0			FG01			1003	40	ZPFG	10.08.2026	10.08.2026	1					0.00		9004951474			1008		000000000000000000		0000000000	0000	0000000000	0000										41	10.08.2026	1				0				000000000000000000	1003								0		0	00000000	
ROW130|700	003004364946	0001	E		000	00000000					000000	0000		0	41	0	0	TO	TO	000000000015000177	0	0					000000000000	0.0	X	0.0		X			1003	FRNC	1	1	0			FG01			1003	40	ZPFG	10.08.2026	10.08.2026	1					0.00		9004951475			1008		000000000000000000		0000000000	0000	0000000000	0000										41	10.08.2026	1				0				000000000000000000	1003								0		0	00000000	
ROW131|700	003004364952	0001	E		000	00000000					000000	0000		0	45	43	0	TO	TO	000000000015000177	0	0			11.08.2026		000000000000	0.0	X	0.0		X			1002	FRAS	1	1	0			FG01			1002	40	ZPFG	10.08.2026	10.08.2026	1					138,674.14		9004951496			1008		000000000000000000		0000000000	0000	0000000000	0000										45	10.08.2026	1				0				000000000000000000	1002								0		0	00000000	
ROW132|700	003004364956	0001	E		000	00000000					000000	0000		0	45	0	0	TO	TO	000000000015000177	0	0					000000000000	0.0	X	0.0		X			1004	FNWL	1	1	0			FG01			1004	40	ZPFG	10.08.2026	10.08.2026	1					0.00		9004951504			1008		000000000000000000		0000000000	0000	0000000000	0000										45	10.08.2026	1				0				000000000000000000	1004								0		0	00000000	
ROW133|700	003004364959	0001	E		000	00000000					000000	0000		0	40.750	0	0	TO	TO	000000000015000177	0	0					000000000000	0.0	X	0.0		X			1004	FNWL	1	1	0			FG01			1004	40	ZPFG	10.08.2026	10.08.2026	1					0.00		9004951513			1008		000000000000000000		0000000000	0000	0000000000	0000										40.750	10.08.2026	1				0				000000000000000000	1004								0		0	00000000	
ROW134|700	003004364962	0001	E		000	00000000					000000	0000		0	45	42	0	TO	TO	000000000015000177	0	0			11.08.2026		000000000000	0.0	X	0.0		X			1006	FJGU	1	1	0			FG01			1006	40	ZPFG	10.08.2026	10.08.2026	1					150,724.14		9004951517			1008		000000000000000000		0000000000	0000	0000000000	0000										45	10.08.2026	1				0				000000000000000000	1006								0		0	00000000	
ROW135|700	003004364979	0001	E		000	00000000					000000	0000		0	45	43	0	TO	TO	000000000015000177	0	0			10.08.2026		000000000000	0.0	X	0.0		X			1003	FRNC	1	1	0			FG01			1003	40	ZPFG	10.08.2026	10.08.2026	1					132,073.64		9004951565			1008		000000000000000000		0000000000	0000	0000000000	0000										45	10.08.2026	1				0				000000000000000000	1003								0		0	00000000	
ROW136|700	003004364980	0001	E		000	00000000					000000	0000		0	42	42	0	TO	TO	000000000015000177	0	0			10.08.2026		000000000000	0.0	X	0.0		X			1003	FRNC	1	1	0	X		FG01			1003	40	ZPFG	10.08.2026	10.08.2026	1					129,002.16		9004951566			1008		000000000000000000		0000000000	0000	0000000000	0000										42	10.08.2026	1				0				000000000000000000	1003								0		0	00000000	
ROW137|700	003004364981	0001	E		000	00000000					000000	0000		0	42	42	0	TO	TO	000000000015000177	0	0			10.08.2026		000000000000	0.0	X	0.0		X			1003	FRNC	1	1	0	X		FG01			1003	40	ZPFG	10.08.2026	10.08.2026	1					129,002.16		9004951567			1008		000000000000000000		0000000000	0000	0000000000	0000										42	10.08.2026	1				0				000000000000000000	1003								0		0	00000000	
ROW138|700	003004364982	0001	E		000	00000000					000000	0000		0	50	0	0	TO	TO	000000000015000177	0	0					000000000000	0.0	X	0.0		X			1004	FNWL	1	1	0			FG01			1004	40	ZPFG	10.08.2026	10.08.2026	1					0.00		9004951571			1008		000000000000000000		0000000000	0000	0000000000	0000										50	10.08.2026	1				0				000000000000000000	1004								0		0	00000000	
ROW139|700	003004364984	0001	E		000	00000000					000000	0000		0	40	0	0	TO	TO	000000000015000177	0	0					000000000000	0.0	X	0.0		X			1046	FNRC	1	1	0			FG01			1046	40	ZPFG	10.08.2026	10.08.2026	1					0.00		9004951576			1022		000000000000000000		0000000000	0000	0000000000	0000										40	10.08.2026	1				0				000000000000000000	1046								0		0	00000000	
ROW140|700	003004365000	0001	E		000	00000000					000000	0000		0	40	0	0	TO	TO	000000000015000177	0	0					000000000000	0.0	X	0.0		X			1046	FNRC	1	1	0			FG01			1046	40	ZPFG	10.08.2026	10.08.2026	1					0.00		9004951613			1022		000000000000000000		0000000000	0000	0000000000	0000										40	10.08.2026	1				0				000000000000000000	1046								0		0	00000000	
ROW141|700	003004365002	0001	E		000	00000000					000000	0000		0	40	0	0	TO	TO	000000000015000177	0	0					000000000000	0.0	X	0.0		X			1046	FNRC	1	1	0			FG01			1046	40	ZPFG	10.08.2026	10.08.2026	1					0.00		9004951615			1022		000000000000000000		0000000000	0000	0000000000	0000										40	10.08.2026	1				0				000000000000000000	1046								0		0	00000000	
ROW142|700	003004365025	0001	E		000	00000000					000000	0000		0	42	0	0	TO	TO	000000000015000177	0	0					000000000000	0.0	X	0.0		X			1004	FNWL	1	1	0			FG01			1004	40	ZPFG	10.08.2026	10.08.2026	1					0.00		9004951680			1008		000000000000000000		0000000000	0000	0000000000	0000										42	10.08.2026	1				0				000000000000000000	1004								0		0	00000000	
ROW143|700	003004365042	0001	E		000	00000000					000000	0000		0	45	0	0	TO	TO	000000000015000177	0	0					000000000000	0.0	X	0.0		X			1004	FNWL	1	1	0			FG01			1004	40	ZPFG	10.08.2026	10.08.2026	1					0.00		9004951717			1008		000000000000000000		0000000000	0000	0000000000	0000										45	10.08.2026	1				0				000000000000000000	1004								0		0	00000000	
ROW144|700	003004365080	0001	E		000	00000000					000000	0000		0	24	0	0	TO	TO	000000000015000177	0	0					000000000000	0.0	X	0.0		X			1070	FKDL	1	1	0			FG01			1070	40	ZPFG	10.08.2026	10.08.2026	1					0.00		9004951774			1029		000000000000000000		0000000000	0000	0000000000	0000										24	10.08.2026	1				0				000000000000000000	1070								0		0	00000000	
ROW145|700	003004365083	0001	E		000	00000000					000000	0000		0	35	35	0	TO	TO	000000000015000177	0	0			10.08.2026		000000000000	0.0	X	0.0		X			1070	FKDL	1	1	0	X		FG01			1070	40	ZPFG	10.08.2026	10.08.2026	1					171,026.45		9004951777			1029		000000000000000000		0000000000	0000	0000000000	0000										35	10.08.2026	1				0				000000000000000000	1070								0		0	00000000	
ROW146|700	003004365085	0001	E		000	00000000					000000	0000		0	35	35	0	TO	TO	000000000015000177	0	0			10.08.2026		000000000000	0.0	X	0.0		X			1070	FKDL	1	1	0	X		FG01			1070	40	ZPFG	10.08.2026	10.08.2026	1					171,026.45		9004951779			1029		000000000000000000		0000000000	0000	0000000000	0000										35	10.08.2026	1				0				000000000000000000	1070								0		0	00000000	
ROW147|700	003004365093	0001	E		000	00000000					000000	0000		0	45	45	0	TO	TO	000000000015000177	0	0			10.08.2026		000000000000	0.0	X	0.0		X			1003	FRNC	1	1	0	X		FG01			1003	40	ZPFG	10.08.2026	10.08.2026	1					138,216.60		9004951796			1008		000000000000000000		0000000000	0000	0000000000	0000										45	10.08.2026	1				0				000000000000000000	1003								0		0	00000000	
ROW148|700	003004365143	0001	E		000	00000000					000000	0000		0	23	0	0	TO	TO	000000000015000177	0	0					000000000000	0.0	X	0.0		X			1003	FRNC	1	1	0			FG01			1003	40	ZPFG	10.08.2026	10.08.2026	1					0.00		9004951882			1008		000000000000000000		0000000000	0000	0000000000	0000										23	10.08.2026	1				0				000000000000000000	1003								0		0	00000000	
ROW149|700	003004365144	0001	E		000	00000000					000000	0000		0	23	0	0	TO	TO	000000000015000177	0	0					000000000000	0.0	X	0.0		X			1003	FRNC	1	1	0			FG01			1003	40	ZPFG	10.08.2026	10.08.2026	1					0.00		9004951883			1008		000000000000000000		0000000000	0000	0000000000	0000										23	10.08.2026	1				0				000000000000000000	1003								0		0	00000000	
ROW150|700	003004365149	0001	E		000	00000000					000000	0000		0	45	0	0	TO	TO	000000000015000177	0	0					000000000000	0.0	X	0.0		X			1004	FNWL	1	1	0			FG01			1004	40	ZPFG	10.08.2026	10.08.2026	1					0.00		9004951890			1008		000000000000000000		0000000000	0000	0000000000	0000										45	10.08.2026	1				0				000000000000000000	1004								0		0	00000000	
ROW151|700	003004365189	0001	E		000	00000000					000000	0000		0	42	45	0	TO	TO	000000000015000177	0	0			10.08.2026		000000000000	0.0	X	0.0		X			1003	FRNC	1	1	0	X		FG01			1003	40	ZPFG	10.08.2026	10.08.2026	1					138,216.60		9004951986			1008		000000000000000000		0000000000	0000	0000000000	0000										42	10.08.2026	1				0				000000000000000000	1003								0		0	00000000	
ROW152|700	003004365191	0001	E		000	00000000					000000	0000		0	42	0	0	TO	TO	000000000015000177	0	0					000000000000	0.0	X	0.0		X			1004	FNWL	1	1	0			FG01			1004	40	ZPFG	10.08.2026	10.08.2026	1					0.00		9004951995			1008		000000000000000000		0000000000	0000	0000000000	0000										42	10.08.2026	1				0				000000000000000000	1004								0		0	00000000	
ROW153|700	003004365192	0001	E		000	00000000					000000	0000		0	45	0	0	TO	TO	000000000015000177	0	0					000000000000	0.0	X	0.0		X			1004	FNWL	1	1	0			FG01			1004	40	ZPFG	10.08.2026	10.08.2026	1					0.00		9004951996			1008		000000000000000000		0000000000	0000	0000000000	0000										45	10.08.2026	1				0				000000000000000000	1004								0		0	00000000	
ROW154|700	003004365200	0001	E		000	00000000					000000	0000		0	40	0	0	TO	TO	000000000015000177	0	0					000000000000	0.0	X	0.0		X			1004	FNWL	1	1	0			FG01			1004	40	ZPFG	10.08.2026	10.08.2026	1					0.00		9004952041			1008		000000000000000000		0000000000	0000	0000000000	0000										40	10.08.2026	1				0				000000000000000000	1004								0		0	00000000	
ROW155|700	003004365211	0001	E		000	00000000					000000	0000		0	45	0	0	TO	TO	000000000015000177	0	0					000000000000	0.0	X	0.0		X			1003	FRNC	1	1	0			FG01			1003	40	ZPFG	10.08.2026	10.08.2026	1					0.00		9004952077			1008		000000000000000000		0000000000	0000	0000000000	0000										45	10.08.2026	1				0				000000000000000000	1003								0		0	00000000	
ROW156|700	003004365213	0001	E		000	00000000					000000	0000		0	45	0	0	TO	TO	000000000015000177	0	0					000000000000	0.0	X	0.0		X			1003	FRNC	1	1	0			FG01			1003	40	ZPFG	10.08.2026	10.08.2026	1					0.00		9004952083			1008		000000000000000000		0000000000	0000	0000000000	0000										45	10.08.2026	1				0				000000000000000000	1003								0		0	00000000	
ROW157|700	003004365266	0001	E		000	00000000					000000	0000		0	45	0	0	TO	TO	000000000015000177	0	0					000000000000	0.0	X	0.0		X			1014	FJWN	1	1	0			FG01			1014	40	ZPFG	10.08.2026	10.08.2026	1					0.00		9004952271			1008		000000000000000000		0000000000	0000	0000000000	0000										45	10.08.2026	1				0				000000000000000000	1014								0		0	00000000	
ROW158|700	003004365268	0001	E		000	00000000					000000	0000		0	42	0	0	TO	TO	000000000015000177	0	0					000000000000	0.0	X	0.0		X			1003	FRNC	1	1	0			FG01			1003	40	ZPFG	10.08.2026	10.08.2026	1					0.00		9004952278			1008		000000000000000000		0000000000	0000	0000000000	0000										42	10.08.2026	1				0				000000000000000000	1003								0		0	00000000	
ROW159|700	003004365269	0001	E		000	00000000					000000	0000		0	42	0	0	TO	TO	000000000015000177	0	0					000000000000	0.0	X	0.0		X			1003	FRNC	1	1	0			FG01			1003	40	ZPFG	10.08.2026	10.08.2026	1					0.00		9004952279			1008		000000000000000000		0000000000	0000	0000000000	0000										42	10.08.2026	1				0				000000000000000000	1003								0		0	00000000	
ROW160|700	003004365270	0001	E		000	00000000					000000	0000		0	36	36	0	TO	TO	000000000015000177	0	0			10.08.2026		000000000000	0.0	X	0.0		X			1003	FRNC	1	1	0	X		FG01			1003	40	ZPFG	10.08.2026	10.08.2026	1					110,573.28		9004952280			1008		000000000000000000		0000000000	0000	0000000000	0000										36	10.08.2026	1				0				000000000000000000	1003								0		0	00000000	
ROW161|700	003004365315	0001	E		000	00000000					000000	0000		0	42	42	0	TO	TO	000000000015000177	0	0			11.08.2026		000000000000	0.0	X	0.0		X			1003	FRNC	1	1	0	X		FG01			1003	40	ZPFG	10.08.2026	10.08.2026	1					129,002.16		9004952407			1008		000000000000000000		0000000000	0000	0000000000	0000										42	10.08.2026	1				0				000000000000000000	1003								0		0	00000000	
ROW162|700	003004365316	0001	E		000	00000000					000000	0000		0	42	42	0	TO	TO	000000000015000177	0	0			11.08.2026		000000000000	0.0	X	0.0		X			1003	FRNC	1	1	0	X		FG01			1003	40	ZPFG	10.08.2026	10.08.2026	1					129,002.16		9004952408			1008		000000000000000000		0000000000	0000	0000000000	0000										42	10.08.2026	1				0				000000000000000000	1003								0		0	00000000	
ROW163|700	003004365317	0001	E		000	00000000					000000	0000		0	42	42	0	TO	TO	000000000015000177	0	0			11.08.2026		000000000000	0.0	X	0.0		X			1003	FRNC	1	1	0	X		FG01			1003	40	ZPFG	10.08.2026	10.08.2026	1					129,002.16		9004952409			1008		000000000000000000		0000000000	0000	0000000000	0000										42	10.08.2026	1				0				000000000000000000	1003								0		0	00000000	
ROW164|700	003004365318	0001	E		000	00000000					000000	0000		0	42	0	0	TO	TO	000000000015000177	0	0					000000000000	0.0	X	0.0		X			1003	FRNC	1	1	0			FG01			1003	40	ZPFG	10.08.2026	10.08.2026	1					0.00		9004952410			1008		000000000000000000		0000000000	0000	0000000000	0000										42	10.08.2026	1				0				000000000000000000	1003								0		0	00000000	
ROW165|700	003004365319	0001	E		000	00000000					000000	0000		0	42	42	0	TO	TO	000000000015000177	0	0			11.08.2026		000000000000	0.0	X	0.0		X			1003	FRNC	1	1	0	X		FG01			1003	40	ZPFG	10.08.2026	10.08.2026	1					129,002.16		9004952411			1008		000000000000000000		0000000000	0000	0000000000	0000										42	10.08.2026	1				0				000000000000000000	1003								0		0	00000000	
ROW166|700	003004365320	0001	E		000	00000000					000000	0000		0	42	42	0	TO	TO	000000000015000177	0	0			11.08.2026		000000000000	0.0	X	0.0		X			1003	FRNC	1	1	0	X		FG01			1003	40	ZPFG	10.08.2026	10.08.2026	1					129,002.16		9004952412			1008		000000000000000000		0000000000	0000	0000000000	0000										42	10.08.2026	1				0				000000000000000000	1003								0		0	00000000	
ROW167|700	003004365321	0001	E		000	00000000					000000	0000		0	42	42	0	TO	TO	000000000015000177	0	0			11.08.2026		000000000000	0.0	X	0.0		X			1003	FRNC	1	1	0	X		FG01			1003	40	ZPFG	10.08.2026	10.08.2026	1					129,002.16		9004952413			1008		000000000000000000		0000000000	0000	0000000000	0000										42	10.08.2026	1				0				000000000000000000	1003								0		0	00000000	
ROW168|700	003004365322	0001	E		000	00000000					000000	0000		0	42	42	0	TO	TO	000000000015000177	0	0			11.08.2026		000000000000	0.0	X	0.0		X			1003	FRNC	1	1	0	X		FG01			1003	40	ZPFG	10.08.2026	10.08.2026	1					129,002.16		9004952414			1008		000000000000000000		0000000000	0000	0000000000	0000										42	10.08.2026	1				0				000000000000000000	1003								0		0	00000000	
ROW169|700	003004365323	0001	E		000	00000000					000000	0000		0	42	42	0	TO	TO	000000000015000177	0	0			11.08.2026		000000000000	0.0	X	0.0		X			1003	FRNC	1	1	0	X		FG01			1003	40	ZPFG	10.08.2026	10.08.2026	1					129,002.16		9004952416			1008		000000000000000000		0000000000	0000	0000000000	0000										42	10.08.2026	1				0				000000000000000000	1003								0		0	00000000	
ROW170|700	003004365325	0001	E		000	00000000					000000	0000		0	43	0	0	TO	TO	000000000015000177	0	0					000000000000	0.0	X	0.0		X			1003	FRNC	1	1	0			FG01			1003	40	ZPFG	10.08.2026	10.08.2026	1					0.00		9004952419			1008		000000000000000000		0000000000	0000	0000000000	0000										43	10.08.2026	1				0				000000000000000000	1003								0		0	00000000	
ROW171|700	003004365327	0001	E		000	00000000					000000	0000		0	43	41	0	TO	TO	000000000015000177	0	0			11.08.2026		000000000000	0.0	X	0.0		X			1003	FRNC	1	1	0			FG01			1003	40	ZPFG	10.08.2026	10.08.2026	1					125,930.68		9004952421			1008		000000000000000000		0000000000	0000	0000000000	0000										43	10.08.2026	1				0				000000000000000000	1003								0		0	00000000	
ROW172|700	003004365328	0001	E		000	00000000					000000	0000		0	43	41	0	TO	TO	000000000015000177	0	0			11.08.2026		000000000000	0.0	X	0.0		X			1003	FRNC	1	1	0			FG01			1003	40	ZPFG	10.08.2026	10.08.2026	1					125,930.68		9004952422			1008		000000000000000000		0000000000	0000	0000000000	0000										43	10.08.2026	1				0				000000000000000000	1003								0		0	00000000	
ROW173|700	003004365329	0001	E		000	00000000					000000	0000		0	43	42	0	TO	TO	000000000015000177	0	0			11.08.2026		000000000000	0.0	X	0.0		X			1003	FRNC	1	1	0			FG01			1003	40	ZPFG	10.08.2026	10.08.2026	1					129,002.16		9004952423			1008		000000000000000000		0000000000	0000	0000000000	0000										43	10.08.2026	1				0				000000000000000000	1003								0		0	00000000	
ROW174|700	003004365330	0001	E		000	00000000					000000	0000		0	43	42	0	TO	TO	000000000015000177	0	0			11.08.2026		000000000000	0.0	X	0.0		X			1003	FRNC	1	1	0			FG01			1003	40	ZPFG	10.08.2026	10.08.2026	1					129,002.16		9004952424			1008		000000000000000000		0000000000	0000	0000000000	0000										43	10.08.2026	1				0				000000000000000000	1003								0		0	00000000	
ROW175|700	003004365334	0001	E		000	00000000					000000	0000		0	44	42	0	TO	TO	000000000015000177	0	0			11.08.2026		000000000000	0.0	X	0.0		X			1003	FRNC	1	1	0			FG01			1003	40	ZPFG	10.08.2026	10.08.2026	1					129,002.16		9004952429			1008		000000000000000000		0000000000	0000	0000000000	0000										44	10.08.2026	1				0				000000000000000000	1003								0		0	00000000	
ROW176|700	003004365335	0001	E		000	00000000					000000	0000		0	44	44	0	TO	TO	000000000015000177	0	0			11.08.2026		000000000000	0.0	X	0.0		X			1003	FRNC	1	1	0	X		FG01			1003	40	ZPFG	10.08.2026	10.08.2026	1					135,145.12		9004952430			1008		000000000000000000		0000000000	0000	0000000000	0000										44	10.08.2026	1				0				000000000000000000	1003								0		0	00000000	
ROW177|700	003004365336	0001	E		000	00000000					000000	0000		0	44	0	0	TO	TO	000000000015000177	0	0					000000000000	0.0	X	0.0		X			1003	FRNC	1	1	0			FG01			1003	40	ZPFG	10.08.2026	10.08.2026	1					0.00		9004952431			1008		000000000000000000		0000000000	0000	0000000000	0000										44	10.08.2026	1				0				000000000000000000	1003								0		0	00000000	
ROW178|700	003004365337	0001	E		000	00000000					000000	0000		0	44	44	0	TO	TO	000000000015000177	0	0			11.08.2026		000000000000	0.0	X	0.0		X			1003	FRNC	1	1	0	X		FG01			1003	40	ZPFG	10.08.2026	10.08.2026	1					135,145.12		9004952432			1008		000000000000000000		0000000000	0000	0000000000	0000										44	10.08.2026	1				0				000000000000000000	1003								0		0	00000000	
ROW179|700	003004365338	0001	E		000	00000000					000000	0000		0	44	44	0	TO	TO	000000000015000177	0	0			11.08.2026		000000000000	0.0	X	0.0		X			1003	FRNC	1	1	0	X		FG01			1003	40	ZPFG	10.08.2026	10.08.2026	1					135,145.12		9004952433			1008		000000000000000000		0000000000	0000	0000000000	0000										44	10.08.2026	1				0				000000000000000000	1003								0		0	00000000	
ROW180|700	003004365339	0001	E		000	00000000					000000	0000		0	45	45	0	TO	TO	000000000015000177	0	0			11.08.2026		000000000000	0.0	X	0.0		X			1003	FRNC	1	1	0	X		FG01			1003	40	ZPFG	10.08.2026	10.08.2026	1					138,216.60		9004952435			1008		000000000000000000		0000000000	0000	0000000000	0000										45	10.08.2026	1				0				000000000000000000	1003								0		0	00000000	
ROW181|700	003004365340	0001	E		000	00000000					000000	0000		0	45	0	0	TO	TO	000000000015000177	0	0					000000000000	0.0	X	0.0		X			1003	FRNC	1	1	0			FG01			1003	40	ZPFG	10.08.2026	10.08.2026	1					0.00		9004952436			1008		000000000000000000		0000000000	0000	0000000000	0000										45	10.08.2026	1				0				000000000000000000	1003								0		0	00000000	
ROW182|700	003004365371	0001	E		000	00000000					000000	0000		0	45	0	0	TO	TO	000000000015000177	0	0					000000000000	0.0	X	0.0		X			1002	FRAS	1	1	0			FG01			1002	40	ZPFG	10.08.2026	10.08.2026	1					0.00		9004952507			1008		000000000000000000		0000000000	0000	0000000000	0000										45	10.08.2026	1				0				000000000000000000	1002								0		0	00000000	
ROW183|700	003004365372	0001	E		000	00000000					000000	0000		0	45	0	0	TO	TO	000000000015000177	0	0					000000000000	0.0	X	0.0		X			1002	FRAS	1	1	0			FG01			1002	40	ZPFG	10.08.2026	10.08.2026	1					0.00		9004952508			1008		000000000000000000		0000000000	0000	0000000000	0000										45	10.08.2026	1				0				000000000000000000	1002								0		0	00000000	
ROW184|700	003004365373	0001	E		000	00000000					000000	0000		0	45	0	0	TO	TO	000000000015000177	0	0					000000000000	0.0	X	0.0		X			1002	FRAS	1	1	0			FG01			1002	40	ZPFG	10.08.2026	10.08.2026	1					0.00		9004952509			1008		000000000000000000		0000000000	0000	0000000000	0000										45	10.08.2026	1				0				000000000000000000	1002								0		0	00000000	
ROW185|700	003004365383	0001	E		000	00000000					000000	0000		0	50	0	0	TO	TO	000000000015000177	0	0					000000000000	0.0	X	0.0		X			1009	FBCU	1	1	0			FG01			1009	40	ZPFG	10.08.2026	10.08.2026	1					0.00		9004952527			1008		000000000000000000		0000000000	0000	0000000000	0000										50	10.08.2026	1				0				000000000000000000	1009								0		0	00000000	
ROW186|700	003004365390	0001	E		000	00000000					000000	0000		0	45	41	0	TO	TO	000000000015000177	0	0			10.08.2026		000000000000	0.0	X	0.0		X			1003	FRNC	1	1	0			FG01			1003	40	ZPFG	10.08.2026	10.08.2026	1					125,930.68		9004952543			1008		000000000000000000		0000000000	0000	0000000000	0000										45	10.08.2026	1				0				000000000000000000	1003								0		0	00000000	
ROW187|700	003004365391	0001	E		000	00000000					000000	0000		0	42	42	0	TO	TO	000000000015000177	0	0			11.08.2026		000000000000	0.0	X	0.0		X			1003	FRNC	1	1	0	X		FG01			1003	40	ZPFG	10.08.2026	10.08.2026	1					129,002.16		9004952545			1008		000000000000000000		0000000000	0000	0000000000	0000										42	10.08.2026	1				0				000000000000000000	1003								0		0	00000000	
ROW188|700	003004365392	0001	E		000	00000000					000000	0000		0	42	41	0	TO	TO	000000000015000177	0	0			11.08.2026		000000000000	0.0	X	0.0		X			1003	FRNC	1	1	0			FG01			1003	40	ZPFG	10.08.2026	10.08.2026	1					125,930.68		9004952546			1008		000000000000000000		0000000000	0000	0000000000	0000										42	10.08.2026	1				0				000000000000000000	1003								0		0	00000000	
ROW189|700	003004365393	0001	E		000	00000000					000000	0000		0	42	41	0	TO	TO	000000000015000177	0	0			10.08.2026		000000000000	0.0	X	0.0		X			1003	FRNC	1	1	0			FG01			1003	40	ZPFG	10.08.2026	10.08.2026	1					125,930.68		9004952547			1008		000000000000000000		0000000000	0000	0000000000	0000										42	10.08.2026	1				0				000000000000000000	1003								0		0	00000000	
ROW190|700	003004365394	0001	E		000	00000000					000000	0000		0	45	0	0	TO	TO	000000000015000177	0	0					000000000000	0.0	X	0.0		X			1003	FRNC	1	1	0			FG01			1003	40	ZPFG	10.08.2026	10.08.2026	1					0.00		9004952548			1008		000000000000000000		0000000000	0000	0000000000	0000										45	10.08.2026	1				0				000000000000000000	1003								0		0	00000000	
ROW191|700	003004365395	0001	E		000	00000000					000000	0000		0	42	42	0	TO	TO	000000000015000177	0	0			11.08.2026		000000000000	0.0	X	0.0		X			1003	FRNC	1	1	0	X		FG01			1003	40	ZPFG	10.08.2026	10.08.2026	1					129,002.16		9004952549			1008		000000000000000000		0000000000	0000	0000000000	0000										42	10.08.2026	1				0				000000000000000000	1003								0		0	00000000	
ROW192|700	003004365396	0001	E		000	00000000					000000	0000		0	42	42	0	TO	TO	000000000015000177	0	0			11.08.2026		000000000000	0.0	X	0.0		X			1003	FRNC	1	1	0	X		FG01			1003	40	ZPFG	10.08.2026	10.08.2026	1					129,002.16		9004952550			1008		000000000000000000		0000000000	0000	0000000000	0000										42	10.08.2026	1				0				000000000000000000	1003								0		0	00000000	
ROW193|700	003004365434	0001	E		000	00000000					000000	0000		0	45	0	0	TO	TO	000000000015000177	0	0					000000000000	0.0	X	0.0		X			1002	FRAS	1	1	0			FG01			1002	40	ZPFG	10.08.2026	10.08.2026	1					0.00		9004952650			1008		000000000000000000		0000000000	0000	0000000000	0000										45	10.08.2026	1				0				000000000000000000	1002								0		0	00000000	
ROW194|700	003004365440	0001	E		000	00000000					000000	0000		0	42	42	0	TO	TO	000000000015000177	0	0			11.08.2026		000000000000	0.0	X	0.0		X			1003	FRNC	1	1	0	X		FG01			1003	40	ZPFG	10.08.2026	10.08.2026	1					129,002.16		9004952657			1008		000000000000000000		0000000000	0000	0000000000	0000										42	10.08.2026	1				0				000000000000000000	1003								0		0	00000000	
ROW195|700	003004365514	0001	E		000	00000000					000000	0000		0	45	0	0	TO	TO	000000000015000177	0	0					000000000000	0.0	X	0.0		X			1002	FRAS	1	1	0			FG01			1002	40	ZPFG	10.08.2026	10.08.2026	1					0.00		9004952797			1008		000000000000000000		0000000000	0000	0000000000	0000										45	10.08.2026	1				0				000000000000000000	1002								0		0	00000000	
ROW196|700	003004365520	0001	E		000	00000000					000000	0000		0	42	0	0	TO	TO	000000000015000177	0	0					000000000000	0.0	X	0.0		X			1014	FJWN	1	1	0			FG01			1014	40	ZPFG	11.08.2026	11.08.2026	1					0.00		9004952804			1008		000000000000000000		0000000000	0000	0000000000	0000										42	11.08.2026	1				0				000000000000000000	1014								0		0	00000000	
ROW197|700	003004365521	0001	E		000	00000000					000000	0000		0	45	0	0	TO	TO	000000000015000177	0	0					000000000000	0.0	X	0.0		X			1014	FJWN	1	1	0			FG01			1014	40	ZPFG	11.08.2026	11.08.2026	1					0.00		9004952805			1008		000000000000000000		0000000000	0000	0000000000	0000										45	11.08.2026	1				0				000000000000000000	1014								0		0	00000000	
ROW198|700	003004365582	0001	E		000	00000000					000000	0000		0	35	0	0	TO	TO	000000000015000177	0	0					000000000000	0.0	X	0.0		X			1070	FKDL	1	1	0			FG01			1070	40	ZPFG	11.08.2026	11.08.2026	1					0.00		9004952944			1029		000000000000000000		0000000000	0000	0000000000	0000										35	11.08.2026	1				0				000000000000000000	1070								0		0	00000000	
ROW199|700	003004365589	0001	E		000	00000000					000000	0000		0	40	0	0	TO	TO	000000000015000177	0	0					000000000000	0.0	X	0.0		X			1046	FNRC	1	1	0			FG01			1046	40	ZPFG	11.08.2026	11.08.2026	1					0.00		9004952980			1022		000000000000000000		0000000000	0000	0000000000	0000										40	11.08.2026	1				0				000000000000000000	1046								0		0	00000000	
