9004953211
9004953212
9004953213
9004953214
9004953215
9004953216
9004953219
9004953229
9004953231
9004953232
9004953234
9004953238
9004953239
9004953240
9004953241
9004953242
9004953243
9004953244
9004953245
9004953273
9004953275
9004953276
9004953277
9004953279
9004953280
9004953282
9004953283
9004953286
9004953287
9004953288
9004953289
9004953291
9004953292
9004953293
9004953296
9004953297
9004953298
9004953299
9004953301
9004953310
9004953338
9004953339
9004953340
9004953341
9004953342
9004953343
9004953344
9004953345
9004953346
9004953347
9004953348
9004953349
9004953350
9004953351
9004953352
9004953353
9004953362
9004953365
