9004952851
9004952856
9004952857
9004952859
9004952868
9004952870
9004952871
9004952873
9004952875
9004952880
9004952902
9004952904
9004952911
9004952912
9004952913
9004952949
9004952950
9004952951
9004952958
9004952963
9004952967
9004952971
9004952973
9004952975
9004952978
9004952979
9004952984
9004952985
9004952987
9004952992
9004952994
9004952998
9004953001
9004953002
9004953004
9004953083
9004953086
9004953087
9004953098
9004953100
9004953106
9004953107
9004953118
9004953132
9004953138
9004953141
9004953149
9004953150
9004953152
9004953154
9004953155
9004953156
9004953157
9004953158
9004953159
9004953161
9004953162
9004953163
9004953171
