9004953184
9004953185
9004953186
9004953187
9004953188
9004953189
9004953190
9004953191
9004953192
9004953193
9004953194
9004953195
9004953196
9004953197
9004953198
9004953199
9004953200
9004953201
9004953202
9004953203
9004953204
9004953205
9004953217
9004953224
9004953225
9004953226
9004953236
9004953237
9004953246
9004953247
9004953248
9004953256
9004953257
9004953258
9004953259
9004953260
9004953261
9004953262
9004953263
9004953264
9004953265
9004953266
9004953267
9004953268
9004953269
9004953274
9004953303
9004953305
9004953306
9004953307
9004953332
9004953333
9004953334
9004953335
9004953337
9004953354
9004953356
9004953357
9004953358
9004953359
9004953360
9004953361
