SELFIELD|ctxtI1-LOW=SD_SCD*
TABLE|TFDIR
TITLE|Data Browser: Table TFDIR Select Entries         60
SBAR|Selection restricted to 60 hits
CELLS|530
R0|[0]Table:	[15]	[16]TFDIR	
R1|[0]Displayed Fields:	[18]	[19]12	[21]	[22]of	[25]	[26]13	[29]	[36]Fixed Columns:	[65]	[66] 1	[69]	[74]List Width	[84]	[85]0250	
R3|[1]	[3]FUNCNAME	[11]	[34]PNAME	[39]	[75]INCLUDE	[83]FREEDATE	[91]	[94]APPL	[99]MAND	[104]FMODE	[110]HOST	[114]	[119]UTASK	[125]PNAME_MAIN	[135]	
R5|[1]	[3]SD_SCDS_RELEASE	[34]SAPLV54R	[75]01	[77]	[83]00.00.0000	[94]V	[95]	[99]	[102]	[104]	[105]	[110]	[119]	[120]	[125]SAPLV54R	
R6|[1]	[3]SD_SCDS_REVERSE	[34]SAPLV54R	[75]03	[77]	[83]00.00.0000	[94]V	[95]	[99]	[102]	[104]	[105]	[110]	[119]	[120]	[125]SAPLV54R	
R7|[1]	[3]SD_SCD_APPL_LOG_DISPLAY	[34]SAPLV54X	[75]02	[77]	[83]00.00.0000	[94]V	[95]	[99]	[102]	[104]	[105]	[110]	[119]	[120]	[125]SAPLV54X	
R8|[1]	[3]SD_SCD_AUTH_CHECK_TPLST	[34]SAPLV54C	[75]14	[77]	[83]00.00.0000	[94]	[95]	[99]	[102]	[104]	[105]	[110]	[119]	[120]	[125]SAPLV54C	
R9|[1]	[3]SD_SCD_CHANGE	[34]SAPLV54H	[75]02	[77]	[83]00.00.0000	[94]V	[95]	[99]	[102]	[104]	[105]	[110]	[119]	[120]	[125]SAPLV54H	
R10|[1]	[3]SD_SCD_COST_INFO_ADDR_GET	[34]SAPLV54P	[75]09	[77]	[83]00.00.0000	[94]	[95]	[99]	[102]	[104]	[105]	[110]	[119]	[120]	[125]SAPLV54P	
R11|[1]	[3]SD_SCD_COST_INFO_SALES_ORDER	[34]SAPLV54P	[75]01	[77]	[83]00.00.0000	[94]V	[95]	[99]	[102]	[104]	[105]	[110]	[119]	[120]	[125]SAPLV54P	
R12|[1]	[3]SD_SCD_COST_INFO_SALES_ORDER_D	[34]SAPLV54P	[75]03	[77]	[83]00.00.0000	[94]	[95]	[99]	[102]	[104]	[105]	[110]	[119]	[120]	[125]SAPLV54P	
R13|[1]	[3]SD_SCD_COST_INFO_TRANSACTION	[34]SAPLV54P	[75]07	[77]	[83]00.00.0000	[94]	[95]	[99]	[102]	[104]	[105]	[110]	[119]	[120]	[125]SAPLV54P	
R14|[1]	[3]SD_SCD_DELIVERY_COST_REFRESH	[34]SAPLV54F	[75]06	[77]	[83]00.00.0000	[94]	[95]	[99]	[102]	[104]	[105]	[110]	[119]	[120]	[125]SAPLMBWL	
R15|[1]	[3]SD_SCD_DISPLAY	[34]SAPLV54A	[75]01	[77]	[83]00.00.0000	[94]	[95]	[99]	[102]	[104]	[105]	[110]	[119]	[120]	[125]SAPLV54A	
R16|[1]	[3]SD_SCD_ERS_OUTPUT_PREPARE	[34]SAPLV54E	[75]02	[77]	[83]00.00.0000	[94]V	[95]	[99]	[102]	[104]	[105]	[110]	[119]	[120]	[125]SAPLV54E	
R17|[1]	[3]SD_SCD_ERS_SPLIT_ERS_OUTPUT	[34]SAPLV54E	[75]01	[77]	[83]00.00.0000	[94]V	[95]	[99]	[102]	[104]	[105]	[110]	[119]	[120]	[125]SAPLV54E	
R18|[1]	[3]SD_SCD_FREIGHT_CUST_INVOICE	[34]SAPLV54F	[75]01	[77]	[83]00.00.0000	[94]V	[95]	[99]	[102]	[104]	[105]	[110]	[119]	[120]	[125]SAPLV54F	
R19|[1]	[3]SD_SCD_FREIGHT_CUST_REFRESH	[34]SAPLV54F	[75]02	[77]	[83]00.00.0000	[94]V	[95]	[99]	[102]	[104]	[105]	[110]	[119]	[120]	[125]SAPLV54F	
R20|[1]	[3]SD_SCD_GET_DOMVALUE_TEXT	[34]SAPLV54G	[75]03	[77]	[83]00.00.0000	[94]V	[95]	[99]	[102]	[104]	[105]	[110]	[119]	[120]	[125]	
R21|[1]	[3]SD_SCD_GET_FIELD_TEXT	[34]SAPLV54G	[75]01	[77]	[83]00.00.0000	[94]V	[95]	[99]	[102]	[104]	[105]	[110]	[119]	[120]	[125]	
R22|[1]	[3]SD_SCD_GET_INSTANCE	[34]SAPLV54BADI	[75]01	[77]	[83]00.00.0000	[94]	[95]	[99]	[102]	[104]	[105]	[110]	[119]	[120]	[125]SAPLV54BADI	
R23|[1]	[3]SD_SCD_GET_TEXT_FIELDNAME	[34]SAPLV54G	[75]02	[77]	[83]00.00.0000	[94]V	[95]	[99]	[102]	[104]	[105]	[110]	[119]	[120]	[125]	
R24|[1]	[3]SD_SCD_HEADER_DESCRIPTION	[34]SAPLV54H	[75]01	[77]	[83]00.00.0000	[94]V	[95]	[99]	[102]	[104]	[105]	[110]	[119]	[120]	[125]SAPLV54H	
R25|[1]	[3]SD_SCD_HISTORY	[34]SAPLV54O	[75]01	[77]	[83]00.00.0000	[94]V	[95]	[99]	[102]	[104]	[105]	[110]	[119]	[120]	[125]SAPLV54O	
R26|[1]	[3]SD_SCD_HISTORY_DOCUMENTS	[34]SAPLV54O	[75]03	[77]	[83]00.00.0000	[94]	[95]	[99]	[102]	[104]	[105]	[110]	[119]	[120]	[125]SAPLV54O	
R27|[1]	[3]SD_SCD_HISTORY_SETTLEMENT	[34]SAPLV54O	[75]02	[77]	[83]00.00.0000	[94]V	[95]	[99]	[102]	[104]	[105]	[110]	[119]	[120]	[125]SAPLV54O	
R28|[1]	[3]SD_SCD_INITIALIZE	[34]SAPLV54C	[75]01	[77]	[83]00.00.0000	[94]V	[95]	[99]	[102]	[104]	[105]	[110]	[119]	[120]	[125]SAPLV54C	
R29|[1]	[3]SD_SCD_ITEM_ACCT_ASSIGNMENT	[34]SAPLV54K	[75]01	[77]	[83]00.00.0000	[94]V	[95]	[99]	[102]	[104]	[105]	[110]	[119]	[120]	[125]SAPLV54K	
R30|[1]	[3]SD_SCD_ITEM_AMOUNT_ADJUST	[34]SAPLV54K	[75]08	[77]	[83]00.00.0000	[94]	[95]	[99]	[102]	[104]	[105]	[110]	[119]	[120]	[125]SAPLV54K	
R31|[1]	[3]SD_SCD_ITEM_AMOUNT_ALLOCATION	[34]SAPLV54K	[75]02	[77]	[83]00.00.0000	[94]	[95]	[99]	[102]	[104]	[105]	[110]	[119]	[120]	[125]SAPLV54K	
R32|[1]	[3]SD_SCD_ITEM_CALCULATE	[34]SAPLV54B	[75]01	[77]	[83]00.00.0000	[94]V	[95]	[99]	[102]	[104]	[105]	[110]	[119]	[120]	[125]SAPLV54B	
R33|[1]	[3]SD_SCD_ITEM_CHANGE	[34]SAPLV54I	[75]02	[77]	[83]00.00.0000	[94]V	[95]	[99]	[102]	[104]	[105]	[110]	[119]	[120]	[125]SAPLV54I	
R34|[1]	[3]SD_SCD_ITEM_CHECK_ACTION	[34]SAPLV54S	[75]01	[77]	[83]00.00.0000	[94]V	[95]	[99]	[102]	[104]	[105]	[110]	[119]	[120]	[125]SAPLV54S	
R35|[1]	[3]SD_SCD_ITEM_DESCRIPTION	[34]SAPLV54I	[75]01	[77]	[83]00.00.0000	[94]V	[95]	[99]	[102]	[104]	[105]	[110]	[119]	[120]	[125]SAPLV54I	
